2 0.06370192307692307 0.6442307692307693 0.12740384615384615 0.1346153846153846
2 0.5673076923076923 0.3870192307692308 0.052884615384615384 0.0829326923076923
1 0.46875 0.4855769230769231 0.056490384615384616 0.0625
3 0.2764423076923077 0.5733173076923077 0.171875 0.14543269230769232
1 0.7536057692307693 0.4723557692307692 0.037259615384615384 0.08774038461538461
1 0.7331730769230769 0.3858173076923077 0.027644230769230768 0.04567307692307692
1 0.7752403846153846 0.37740384615384615 0.03125 0.04567307692307692
2 0.9471153846153846 0.7836538461538461 0.09975961538461539 0.19951923076923078
2 0.8798076923076923 0.6598557692307693 0.10336538461538461 0.17908653846153846
2 0.8485576923076923 0.5348557692307693 0.07211538461538461 0.07091346153846154
2 0.828125 0.46634615384615385 0.056490384615384616 0.05889423076923077
2 0.8088942307692307 0.4206730769230769 0.037259615384615384 0.07451923076923077
1 0.65625 0.3329326923076923 0.025240384615384616 0.05048076923076923
1 0.6995192307692307 0.3317307692307692 0.025240384615384616 0.04567307692307692
1 0.5973557692307693 0.33774038461538464 0.025240384615384616 0.03365384615384615