1 0.8197115384615384 0.8125 0.359375 0.3004807692307692
1 0.3329326923076923 0.8004807692307693 0.22235576923076922 0.28365384615384615
1 0.4579326923076923 0.5733173076923077 0.18389423076923078 0.22956730769230768
1 0.49399038461538464 0.3545673076923077 0.15625 0.19110576923076922
1 0.328125 0.33774038461538464 0.1310096153846154 0.13341346153846154
1 0.22235576923076922 0.4795673076923077 0.1310096153846154 0.17548076923076922
1 0.1814903846153846 0.31009615384615385 0.09975961538461539 0.11298076923076923
1 0.23317307692307693 0.18509615384615385 0.09735576923076923 0.1045673076923077
3 0.3173076923076923 0.12740384615384615 0.1346153846153846 0.17908653846153846
1 0.14182692307692307 0.18509615384615385 0.06610576923076923 0.07932692307692307
1 0.1045673076923077 0.10576923076923077 0.06610576923076923 0.07932692307692307
1 0.07451923076923077 0.06009615384615385 0.056490384615384616 0.0625
1 0.17307692307692307 0.09134615384615384 0.046875 0.0829326923076923
1 0.20793269230769232 0.04807692307692308 0.046875 0.0625