3 0.59375 0.6045673076923077 0.11899038461538461 0.19110576923076922
3 0.5060096153846154 0.47475961538461536 0.06850961538461539 0.09134615384615384
3 0.5865384615384616 0.47115384615384615 0.07211538461538461 0.10817307692307693
1 0.6213942307692307 0.4026442307692308 0.025240384615384616 0.037259615384615384
1 0.5745192307692307 0.3557692307692308 0.03125 0.028846153846153848
1 0.6598557692307693 0.31009615384615385 0.019230769230769232 0.04567307692307692
1 0.5985576923076923 0.31490384615384615 0.015625 0.028846153846153848
1 0.38100961538461536 0.3918269230769231 0.04326923076923077 0.05048076923076923
1 0.4423076923076923 0.34134615384615385 0.027644230769230768 0.042067307692307696
3 0.42788461538461536 0.3016826923076923 0.025240384615384616 0.04567307692307692
1 0.49278846153846156 0.2644230769230769 0.021634615384615384 0.020432692307692308
1 0.5216346153846154 0.25600961538461536 0.019230769230769232 0.01201923076923077
1 0.6153846153846154 0.28365384615384615 0.019230769230769232 0.025240384615384616
0 0.5901442307692307 0.27524038461538464 0.025240384615384616 0.03365384615384615