3 0.3485576923076923 0.46875 0.08413461538461539 0.15384615384615385
3 0.4254807692307692 0.4807692307692308 0.08774038461538461 0.13701923076923078
0 0.6911057692307693 0.9170673076923077 0.30649038461538464 0.15865384615384615
1 0.6286057692307693 0.6394230769230769 0.07451923076923077 0.07932692307692307
1 0.8737980769230769 0.6286057692307693 0.10336538461538461 0.125
1 0.953125 0.6310096153846154 0.06850961538461539 0.08774038461538461
1 0.5625 0.3629807692307692 0.037259615384615384 0.05048076923076923
1 0.5925480769230769 0.33774038461538464 0.03485576923076923 0.042067307692307696
1 0.3713942307692308 0.3545673076923077 0.03125 0.042067307692307696
1 0.4074519230769231 0.31850961538461536 0.027644230769230768 0.028846153846153848
1 0.38221153846153844 0.2920673076923077 0.021634615384615384 0.025240384615384616
1 0.35336538461538464 0.27283653846153844 0.025240384615384616 0.028846153846153848
1 0.5096153846153846 0.25240384615384615 0.025240384615384616 0.037259615384615384
1 0.47836538461538464 0.23918269230769232 0.025240384615384616 0.020432692307692308