3 0.35096153846153844 0.8004807692307693 0.1971153846153846 0.27524038461538464
3 0.41346153846153844 0.6045673076923077 0.11538461538461539 0.1502403846153846
3 0.5685096153846154 0.8401442307692307 0.13701923076923078 0.2956730769230769
0 0.6466346153846154 0.4483173076923077 0.0625 0.1875
0 0.5384615384615384 0.47475961538461536 0.06610576923076923 0.11658653846153846
1 0.5072115384615384 0.46274038461538464 0.040865384615384616 0.05048076923076923
1 0.49278846153846156 0.4206730769230769 0.027644230769230768 0.042067307692307696
1 0.125 0.6334134615384616 0.06850961538461539 0.07451923076923077
1 0.234375 0.4795673076923077 0.04326923076923077 0.05889423076923077
1 0.19110576923076922 0.4579326923076923 0.037259615384615384 0.05889423076923077
1 0.24278846153846154 0.33774038461538464 0.03485576923076923 0.06610576923076923
3 0.28725961538461536 0.3629807692307692 0.04326923076923077 0.07451923076923077
1 0.47596153846153844 0.33774038461538464 0.027644230769230768 0.03365384615384615
1 0.49038461538461536 0.3641826923076923 0.025240384615384616 0.037259615384615384