0 0.7067307692307693 0.33774038461538464 0.1875 0.19951923076923078
1 0.44350961538461536 0.5709134615384616 0.13701923076923078 0.18389423076923078
1 0.3401442307692308 0.2776442307692308 0.037259615384615384 0.054086538461538464
1 0.265625 0.2932692307692308 0.037259615384615384 0.054086538461538464
1 0.2980769230769231 0.17307692307692307 0.027644230769230768 0.037259615384615384
1 0.33774038461538464 0.18389423076923078 0.025240384615384616 0.03365384615384615
1 0.3762019230769231 0.18990384615384615 0.021634615384615384 0.028846153846153848
1 0.3858173076923077 0.15384615384615385 0.021634615384615384 0.025240384615384616
3 0.35096153846153844 0.14182692307692307 0.021634615384615384 0.042067307692307696
1 0.4483173076923077 0.17548076923076922 0.021634615384615384 0.03365384615384615
1 0.5516826923076923 0.22235576923076922 0.027644230769230768 0.037259615384615384
1 0.4326923076923077 0.1502403846153846 0.021634615384615384 0.025240384615384616