3 0.2668269230769231 0.6274038461538461 0.2091346153846154 0.28725961538461536
1 0.3137019230769231 0.5709134615384616 0.09014423076923077 0.07451923076923077
1 0.14903846153846154 0.4579326923076923 0.05889423076923077 0.05889423076923077
3 0.10336538461538461 0.3581730769230769 0.05048076923076923 0.06610576923076923
1 0.15264423076923078 0.3557692307692308 0.03125 0.028846153846153848
1 0.13221153846153846 0.3233173076923077 0.021634615384615384 0.028846153846153848
1 0.09254807692307693 0.2980769230769231 0.021634615384615384 0.028846153846153848
1 0.12379807692307693 0.27884615384615385 0.015625 0.025240384615384616
1 0.09975961538461539 0.2608173076923077 0.019230769230769232 0.020432692307692308
1 0.06370192307692307 0.2704326923076923 0.021634615384615384 0.042067307692307696
1 0.2512019230769231 0.28725961538461536 0.027644230769230768 0.03365384615384615
0 0.2860576923076923 0.2620192307692308 0.052884615384615384 0.06610576923076923
1 0.3786057692307692 0.40865384615384615 0.0625 0.05889423076923077
1 0.7259615384615384 0.6838942307692307 0.11538461538461539 0.10817307692307693
1 0.9026442307692307 0.6165865384615384 0.10576923076923077 0.09134615384615384
1 0.19230769230769232 0.2439903846153846 0.021634615384615384 0.020432692307692308
1 0.21514423076923078 0.22716346153846154 0.025240384615384616 0.028846153846153848