1 0.2692307692307692 0.7584134615384616 0.13701923076923078 0.125
1 0.9098557692307693 0.8293269230769231 0.17548076923076922 0.14182692307692307
3 0.8173076923076923 0.6526442307692307 0.171875 0.2536057692307692
1 0.7307692307692307 0.4651442307692308 0.06850961538461539 0.07932692307692307
1 0.78125 0.5036057692307693 0.056490384615384616 0.05889423076923077
1 0.8173076923076923 0.4579326923076923 0.03485576923076923 0.05889423076923077
1 0.8112980769230769 0.4170673076923077 0.040865384615384616 0.042067307692307696
1 0.7716346153846154 0.39783653846153844 0.04326923076923077 0.07932692307692307
1 0.8798076923076923 0.4026442307692308 0.027644230769230768 0.0625
1 0.8389423076923077 0.38100961538461536 0.021634615384615384 0.054086538461538464
1 0.8064903846153846 0.3473557692307692 0.019230769230769232 0.054086538461538464
1 0.8221153846153846 0.3233173076923077 0.019230769230769232 0.04567307692307692
1 0.8245192307692307 0.27524038461538464 0.05048076923076923 0.042067307692307696
1 0.8870192307692307 0.3581730769230769 0.025240384615384616 0.03365384615384615
1 0.890625 0.3329326923076923 0.025240384615384616 0.025240384615384616
1 0.8509615384615384 0.3401442307692308 0.027644230769230768 0.028846153846153848
1 0.6201923076923077 0.5120192307692307 0.06610576923076923 0.09975961538461539
1 0.5480769230769231 0.5192307692307693 0.08413461538461539 0.09615384615384616
1 0.36778846153846156 0.5108173076923077 0.078125 0.07091346153846154
1 0.5949519230769231 0.4795673076923077 0.06610576923076923 0.07451923076923077
1 0.6358173076923077 0.44350961538461536 0.046875 0.054086538461538464
2 0.59375 0.40865384615384615 0.04326923076923077 0.0829326923076923
0 0.5 0.46274038461538464 0.1622596153846154 0.19951923076923078
0 0.49278846153846156 0.3870192307692308 0.1466346153846154 0.125
1 0.6658653846153846 0.3942307692307692 0.056490384615384616 0.054086538461538464
1 0.6923076923076923 0.3629807692307692 0.046875 0.05889423076923077
1 0.7199519230769231 0.33533653846153844 0.027644230769230768 0.037259615384615384
1 0.7391826923076923 0.3233173076923077 0.021634615384615384 0.028846153846153848
1 0.7355769230769231 0.28966346153846156 0.027644230769230768 0.037259615384615384
1 0.6754807692307693 0.31009615384615385 0.037259615384615384 0.054086538461538464