3 0.12860576923076922 0.8810096153846154 0.20673076923076922 0.17067307692307693
0 0.6466346153846154 0.6454326923076923 0.11899038461538461 0.18389423076923078
1 0.484375 0.6670673076923077 0.056490384615384616 0.05048076923076923
1 0.5889423076923077 0.5793269230769231 0.040865384615384616 0.03365384615384615
3 0.6514423076923077 0.4891826923076923 0.046875 0.054086538461538464
1 0.6862980769230769 0.5120192307692307 0.027644230769230768 0.025240384615384616
1 0.7548076923076923 0.5084134615384616 0.021634615384615384 0.025240384615384616
1 0.7860576923076923 0.5108173076923077 0.021634615384615384 0.04567307692307692
1 0.7235576923076923 0.4795673076923077 0.015625 0.016826923076923076
1 0.7079326923076923 0.4519230769230769 0.015625 0.020432692307692308
1 0.7463942307692307 0.4519230769230769 0.019230769230769232 0.01201923076923077