1 0.47475961538461536 0.6274038461538461 0.08774038461538461 0.11298076923076923
1 0.390625 0.5288461538461539 0.0625 0.0829326923076923
1 0.5552884615384616 0.6189903846153846 0.08413461538461539 0.1045673076923077
1 0.7151442307692307 0.6105769230769231 0.08173076923076923 0.08774038461538461
1 0.6514423076923077 0.5661057692307693 0.052884615384615384 0.06610576923076923
1 0.5204326923076923 0.5252403846153846 0.05889423076923077 0.05889423076923077
1 0.47596153846153844 0.5516826923076923 0.06610576923076923 0.07091346153846154
1 0.44350961538461536 0.5024038461538461 0.0625 0.0625
1 0.4050480769230769 0.46033653846153844 0.052884615384615384 0.0625
3 0.5072115384615384 0.4230769230769231 0.09735576923076923 0.12139423076923077
3 0.5841346153846154 0.5432692307692307 0.09375 0.12860576923076922