1 0.2692307692307692 0.9146634615384616 0.1310096153846154 0.14543269230769232
1 0.35096153846153844 0.7391826923076923 0.09735576923076923 0.15384615384615385
1 0.4795673076923077 0.6394230769230769 0.06610576923076923 0.07932692307692307
3 0.4735576923076923 0.5204326923076923 0.07211538461538461 0.14182692307692307
3 0.49038461538461536 0.4206730769230769 0.05048076923076923 0.042067307692307696
3 0.49399038461538464 0.3641826923076923 0.04326923076923077 0.0625
1 0.390625 0.37740384615384615 0.025240384615384616 0.037259615384615384
1 0.25961538461538464 0.44350961538461536 0.025240384615384616 0.04567307692307692
1 0.19110576923076922 0.4206730769230769 0.037259615384615384 0.05048076923076923
0 0.04567307692307692 0.5853365384615384 0.09014423076923077 0.2127403846153846
1 0.2860576923076923 0.37740384615384615 0.027644230769230768 0.028846153846153848
1 0.5456730769230769 0.5420673076923077 0.03485576923076923 0.0829326923076923
1 0.5673076923076923 0.4230769230769231 0.03485576923076923 0.037259615384615384