0 0.41586538461538464 0.6706730769230769 0.07451923076923077 0.15865384615384615
1 0.3389423076923077 0.8605769230769231 0.046875 0.054086538461538464
1 0.2620192307692308 0.9290865384615384 0.056490384615384616 0.06610576923076923
1 0.39903846153846156 0.6213942307692307 0.03485576923076923 0.042067307692307696
1 0.3641826923076923 0.6670673076923077 0.021634615384615384 0.03365384615384615
0 0.12379807692307693 0.5516826923076923 0.040865384615384616 0.04567307692307692
1 0.19230769230769232 0.5276442307692307 0.03485576923076923 0.028846153846153848
1 0.4567307692307692 0.40384615384615385 0.025240384615384616 0.025240384615384616
1 0.2620192307692308 0.4651442307692308 0.03125 0.028846153846153848
0 0.3545673076923077 0.4254807692307692 0.03485576923076923 0.03365384615384615
1 0.5108173076923077 0.3641826923076923 0.021634615384615384 0.028846153846153848