1 0.5817307692307693 0.7355769230769231 0.08173076923076923 0.11298076923076923
1 0.4951923076923077 0.9122596153846154 0.11538461538461539 0.16706730769230768
1 0.4026442307692308 0.84375 0.11298076923076923 0.15384615384615385
1 0.47836538461538464 0.7019230769230769 0.08774038461538461 0.1045673076923077
3 0.5829326923076923 0.5168269230769231 0.109375 0.16706730769230768
3 0.47475961538461536 0.4795673076923077 0.125 0.1502403846153846
1 0.3918269230769231 0.40625 0.052884615384615384 0.037259615384615384
1 0.3125 0.5540865384615384 0.08173076923076923 0.06610576923076923
1 0.2283653846153846 0.9038461538461539 0.13701923076923078 0.18389423076923078
1 0.33413461538461536 0.7331730769230769 0.10576923076923077 0.19110576923076922
0 0.1141826923076923 0.8557692307692307 0.2091346153846154 0.2704326923076923
2 0.2608173076923077 0.6995192307692307 0.12860576923076922 0.18389423076923078
1 0.375 0.6057692307692307 0.08173076923076923 0.07091346153846154
3 0.65625 0.3581730769230769 0.056490384615384616 0.09134615384615384
3 0.7403846153846154 0.3125 0.037259615384615384 0.0829326923076923