3 0.7872596153846154 0.6189903846153846 0.4254807692307692 0.6213942307692307
3 0.7199519230769231 0.8545673076923077 0.36538461538461536 0.2247596153846154
3 0.41346153846153844 0.3557692307692308 0.15985576923076922 0.3125
3 0.2608173076923077 0.44591346153846156 0.1346153846153846 0.24158653846153846
1 0.35096153846153844 0.8016826923076923 0.2091346153846154 0.34615384615384615
1 0.5012019230769231 0.625 0.1658653846153846 0.25841346153846156
1 0.484375 0.28125 0.08774038461538461 0.11298076923076923
1 0.39903846153846156 0.17668269230769232 0.08413461538461539 0.0625
1 0.33774038461538464 0.125 0.056490384615384616 0.07451923076923077
1 0.3076923076923077 0.07692307692307693 0.040865384615384616 0.07091346153846154
1 0.28846153846153844 0.20192307692307693 0.078125 0.07932692307692307
1 0.2608173076923077 0.14543269230769232 0.052884615384615384 0.05889423076923077
1 0.23557692307692307 0.09975961538461539 0.06610576923076923 0.07451923076923077
1 0.18269230769230768 0.14783653846153846 0.05889423076923077 0.07932692307692307
1 0.16105769230769232 0.07692307692307693 0.046875 0.054086538461538464
1 0.1935096153846154 0.04567307692307692 0.04326923076923077 0.042067307692307696
1 0.21153846153846154 0.20192307692307693 0.052884615384615384 0.07932692307692307
1 0.2247596153846154 0.30649038461538464 0.08173076923076923 0.1045673076923077