3 0.4735576923076923 0.6021634615384616 0.109375 0.12860576923076922
1 0.33774038461538464 0.5588942307692307 0.06850961538461539 0.0829326923076923
1 0.4362980769230769 0.41225961538461536 0.06610576923076923 0.05048076923076923
1 0.21514423076923078 0.3269230769230769 0.037259615384615384 0.037259615384615384
1 0.24519230769230768 0.3004807692307692 0.03485576923076923 0.03365384615384615
1 0.3954326923076923 0.31490384615384615 0.03485576923076923 0.04567307692307692
3 0.3641826923076923 0.2644230769230769 0.052884615384615384 0.07932692307692307
3 0.43028846153846156 0.27524038461538464 0.05889423076923077 0.09134615384615384
3 0.49278846153846156 0.3317307692307692 0.06610576923076923 0.08774038461538461
1 0.5012019230769231 0.40024038461538464 0.05889423076923077 0.06610576923076923
1 0.4338942307692308 0.35216346153846156 0.04326923076923077 0.04567307692307692
1 0.5697115384615384 0.39783653846153844 0.05889423076923077 0.04567307692307692
1 0.6442307692307693 0.4519230769230769 0.06850961538461539 0.07932692307692307
1 0.5973557692307693 0.4807692307692308 0.09375 0.09615384615384616
1 0.515625 0.4879807692307692 0.0625 0.07451923076923077
1 0.9375 0.7475961538461539 0.056490384615384616 0.1045673076923077