3 0.5264423076923077 0.6021634615384616 0.109375 0.12860576923076922
1 0.6622596153846154 0.5588942307692307 0.06850961538461539 0.0829326923076923
1 0.5637019230769231 0.41225961538461536 0.06610576923076923 0.05048076923076923
1 0.7848557692307693 0.3269230769230769 0.037259615384615384 0.037259615384615384
1 0.7548076923076923 0.3004807692307692 0.03485576923076923 0.03365384615384615
1 0.6045673076923077 0.31490384615384615 0.03485576923076923 0.04567307692307692
3 0.6358173076923077 0.2644230769230769 0.052884615384615384 0.07932692307692307
3 0.5697115384615384 0.27524038461538464 0.05889423076923077 0.09134615384615384
3 0.5072115384615384 0.3317307692307692 0.06610576923076923 0.08774038461538461
1 0.4987980769230769 0.40024038461538464 0.05889423076923077 0.06610576923076923
1 0.5661057692307693 0.35216346153846156 0.04326923076923077 0.04567307692307692
1 0.43028846153846156 0.39783653846153844 0.05889423076923077 0.04567307692307692
1 0.3557692307692308 0.4519230769230769 0.06850961538461539 0.07932692307692307
1 0.4026442307692308 0.4807692307692308 0.09375 0.09615384615384616
1 0.484375 0.4879807692307692 0.0625 0.07451923076923077
1 0.0625 0.7475961538461539 0.056490384615384616 0.1045673076923077