1 0.3401442307692308 0.8185096153846154 0.08774038461538461 0.15384615384615385
1 0.7307692307692307 0.6526442307692307 0.1310096153846154 0.07091346153846154
1 0.8004807692307693 0.6995192307692307 0.13701923076923078 0.06610576923076923
1 0.3245192307692308 0.5024038461538461 0.08173076923076923 0.07932692307692307
3 0.06971153846153846 0.49399038461538464 0.12139423076923077 0.1045673076923077
1 0.4206730769230769 0.4182692307692308 0.046875 0.054086538461538464
1 0.4855769230769231 0.3918269230769231 0.03485576923076923 0.05048076923076923
1 0.4579326923076923 0.3473557692307692 0.027644230769230768 0.037259615384615384
1 0.3485576923076923 0.3545673076923077 0.040865384615384616 0.03365384615384615
1 0.43028846153846156 0.2980769230769231 0.021634615384615384 0.028846153846153848
1 0.4831730769230769 0.30649038461538464 0.021634615384615384 0.028846153846153848
3 0.5192307692307693 0.2980769230769231 0.03125 0.07091346153846154