1 0.5456730769230769 0.7920673076923077 0.1658653846153846 0.17548076923076922
1 0.2932692307692308 0.6598557692307693 0.125 0.12860576923076922
3 0.390625 0.3245192307692308 0.125 0.14182692307692307
1 0.20432692307692307 0.33533653846153844 0.07211538461538461 0.09615384615384616
3 0.1466346153846154 0.78125 0.2692307692307692 0.28725961538461536
1 0.08413461538461539 0.3473557692307692 0.04326923076923077 0.054086538461538464
1 0.10576923076923077 0.2956730769230769 0.037259615384615384 0.05048076923076923
1 0.2283653846153846 0.27524038461538464 0.0625 0.05889423076923077
0 0.22596153846153846 0.19591346153846154 0.07211538461538461 0.0829326923076923
1 0.1466346153846154 0.21514423076923078 0.03125 0.037259615384615384
1 0.1658653846153846 0.19831730769230768 0.025240384615384616 0.028846153846153848