1 0.1346153846153846 0.6478365384615384 0.2692307692307692 0.3125
1 0.0733173076923077 0.9182692307692307 0.1466346153846154 0.14543269230769232
3 0.3004807692307692 0.8725961538461539 0.43149038461538464 0.24639423076923078
3 0.7151442307692307 0.6754807692307693 0.3004807692307692 0.5588942307692307
1 0.3425480769230769 0.6442307692307693 0.234375 0.20432692307692307
1 0.4735576923076923 0.43990384615384615 0.18389423076923078 0.20432692307692307
1 0.3485576923076923 0.4170673076923077 0.1658653846153846 0.16706730769230768
1 0.5036057692307693 0.6646634615384616 0.1875 0.27884615384615385
1 0.6286057692307693 0.47115384615384615 0.1310096153846154 0.15865384615384615
1 0.5745192307692307 0.3088942307692308 0.10576923076923077 0.13341346153846154
1 0.4543269230769231 0.3004807692307692 0.1466346153846154 0.13341346153846154
3 0.5360576923076923 0.15985576923076922 0.1658653846153846 0.17067307692307693
3 0.6971153846153846 0.2692307692307692 0.15625 0.23798076923076922
3 0.6670673076923077 0.13942307692307693 0.171875 0.1875
1 0.8713942307692307 0.13341346153846154 0.06850961538461539 0.09134615384615384
1 0.8858173076923077 0.0733173076923077 0.052884615384615384 0.054086538461538464
1 0.7752403846153846 0.12860576923076922 0.10576923076923077 0.11658653846153846