1 0.5480769230769231 0.8413461538461539 0.171875 0.09975961538461539
1 0.45913461538461536 0.5432692307692307 0.06850961538461539 0.07932692307692307
1 0.5432692307692307 0.5276442307692307 0.06850961538461539 0.08774038461538461
1 0.5997596153846154 0.44591346153846156 0.08173076923076923 0.10817307692307693
1 0.6526442307692307 0.41225961538461536 0.037259615384615384 0.05889423076923077
1 0.6887019230769231 0.3713942307692308 0.03485576923076923 0.05048076923076923
1 0.7151442307692307 0.3473557692307692 0.025240384615384616 0.04567307692307692
0 0.5997596153846154 0.34975961538461536 0.09975961538461539 0.125
0 0.7139423076923077 0.27524038461538464 0.05889423076923077 0.0829326923076923
1 0.7379807692307693 0.4795673076923077 0.05048076923076923 0.06610576923076923
1 0.7560096153846154 0.4254807692307692 0.037259615384615384 0.03365384615384615
1 0.8293269230769231 0.41225961538461536 0.03485576923076923 0.042067307692307696
1 0.78125 0.3954326923076923 0.03125 0.05048076923076923
1 0.8449519230769231 0.37740384615384615 0.027644230769230768 0.020432692307692308
1 0.8497596153846154 0.3473557692307692 0.03125 0.028846153846153848
1 0.796875 0.3713942307692308 0.025240384615384616 0.03365384615384615
1 0.8125 0.34975961538461536 0.025240384615384616 0.025240384615384616
1 0.828125 0.3317307692307692 0.019230769230769232 0.020432692307692308
1 0.8557692307692307 0.3317307692307692 0.03125 0.020432692307692308
0 0.9110576923076923 0.2776442307692308 0.03485576923076923 0.07091346153846154
1 0.8341346153846154 0.31009615384615385 0.025240384615384616 0.020432692307692308
1 0.8798076923076923 0.2932692307692308 0.015625 0.020432692307692308
1 0.8533653846153846 0.2848557692307692 0.019230769230769232 0.020432692307692308
1 0.8641826923076923 0.2608173076923077 0.015625 0.020432692307692308