1 0.4519230769230769 0.8413461538461539 0.171875 0.09975961538461539
1 0.5408653846153846 0.5432692307692307 0.06850961538461539 0.07932692307692307
1 0.4567307692307692 0.5276442307692307 0.06850961538461539 0.08774038461538461
1 0.40024038461538464 0.44591346153846156 0.08173076923076923 0.10817307692307693
1 0.3473557692307692 0.41225961538461536 0.037259615384615384 0.05889423076923077
1 0.3112980769230769 0.3713942307692308 0.03485576923076923 0.05048076923076923
1 0.2848557692307692 0.3473557692307692 0.025240384615384616 0.04567307692307692
0 0.40024038461538464 0.34975961538461536 0.09975961538461539 0.125
0 0.2860576923076923 0.27524038461538464 0.05889423076923077 0.0829326923076923
1 0.2620192307692308 0.4795673076923077 0.05048076923076923 0.06610576923076923
1 0.2439903846153846 0.4254807692307692 0.037259615384615384 0.03365384615384615
1 0.17067307692307693 0.41225961538461536 0.03485576923076923 0.042067307692307696
1 0.21875 0.3954326923076923 0.03125 0.05048076923076923
1 0.15504807692307693 0.37740384615384615 0.027644230769230768 0.020432692307692308
1 0.1502403846153846 0.3473557692307692 0.03125 0.028846153846153848
1 0.203125 0.3713942307692308 0.025240384615384616 0.03365384615384615
1 0.1875 0.34975961538461536 0.025240384615384616 0.025240384615384616
1 0.171875 0.3317307692307692 0.019230769230769232 0.020432692307692308
1 0.14423076923076922 0.3317307692307692 0.03125 0.020432692307692308
0 0.0889423076923077 0.2776442307692308 0.03485576923076923 0.07091346153846154
1 0.1658653846153846 0.31009615384615385 0.025240384615384616 0.020432692307692308
1 0.1201923076923077 0.2932692307692308 0.015625 0.020432692307692308
1 0.1466346153846154 0.2848557692307692 0.019230769230769232 0.020432692307692308
1 0.13581730769230768 0.2608173076923077 0.015625 0.020432692307692308