3 0.32211538461538464 0.7524038461538461 0.19951923076923078 0.1622596153846154
3 0.265625 0.9182692307692307 0.125 0.15384615384615385
3 0.06370192307692307 0.8317307692307693 0.12740384615384615 0.18269230769230768
1 0.6033653846153846 0.7872596153846154 0.14423076923076922 0.0829326923076923
1 0.5637019230769231 0.6189903846153846 0.052884615384615384 0.07091346153846154
1 0.5072115384615384 0.6165865384615384 0.046875 0.06610576923076923
1 0.4362980769230769 0.5853365384615384 0.052884615384615384 0.07932692307692307
0 0.49278846153846156 0.5 0.09014423076923077 0.1502403846153846
1 0.546875 0.4651442307692308 0.037259615384615384 0.054086538461538464
1 0.5769230769230769 0.4338942307692308 0.027644230769230768 0.05048076923076923
1 0.5997596153846154 0.4026442307692308 0.025240384615384616 0.037259615384615384
1 0.6129807692307693 0.375 0.019230769230769232 0.03365384615384615
0 0.6802884615384616 0.38341346153846156 0.052884615384615384 0.0829326923076923
1 0.7115384615384616 0.6057692307692307 0.046875 0.07932692307692307
1 0.6911057692307693 0.5504807692307693 0.025240384615384616 0.05048076923076923
3 0.6009615384615384 0.5432692307692307 0.05889423076923077 0.11298076923076923
1 0.6394230769230769 0.3401442307692308 0.015625 0.037259615384615384