1 0.2932692307692308 0.7379807692307693 0.1502403846153846 0.16706730769230768
2 0.24519230769230768 0.6418269230769231 0.18389423076923078 0.23317307692307693
1 0.140625 0.5432692307692307 0.11298076923076923 0.13701923076923078
1 0.1935096153846154 0.5901442307692307 0.11899038461538461 0.1622596153846154
1 0.32211538461538464 0.4795673076923077 0.09375 0.09975961538461539
1 0.47475961538461536 0.5516826923076923 0.11899038461538461 0.1622596153846154
1 0.5685096153846154 0.4651442307692308 0.07451923076923077 0.11298076923076923
0 0.5048076923076923 0.40384615384615385 0.12139423076923077 0.14182692307692307
3 0.45913461538461536 0.3629807692307692 0.1502403846153846 0.15865384615384615
1 0.6370192307692307 0.3942307692307692 0.0625 0.07932692307692307
1 0.6177884615384616 0.3401442307692308 0.05889423076923077 0.054086538461538464
1 0.578125 0.3125 0.05048076923076923 0.05048076923076923
3 0.6887019230769231 0.3125 0.08413461538461539 0.13341346153846154
1 0.7572115384615384 0.5853365384615384 0.078125 0.13701923076923078