1 0.7067307692307693 0.7379807692307693 0.1502403846153846 0.16706730769230768
2 0.7548076923076923 0.6418269230769231 0.18389423076923078 0.23317307692307693
1 0.859375 0.5432692307692307 0.11298076923076923 0.13701923076923078
1 0.8064903846153846 0.5901442307692307 0.11899038461538461 0.1622596153846154
1 0.6778846153846154 0.4795673076923077 0.09375 0.09975961538461539
1 0.5252403846153846 0.5516826923076923 0.11899038461538461 0.1622596153846154
1 0.43149038461538464 0.4651442307692308 0.07451923076923077 0.11298076923076923
0 0.4951923076923077 0.40384615384615385 0.12139423076923077 0.14182692307692307
3 0.5408653846153846 0.3629807692307692 0.1502403846153846 0.15865384615384615
1 0.3629807692307692 0.3942307692307692 0.0625 0.07932692307692307
1 0.38221153846153844 0.3401442307692308 0.05889423076923077 0.054086538461538464
1 0.421875 0.3125 0.05048076923076923 0.05048076923076923
3 0.3112980769230769 0.3125 0.08413461538461539 0.13341346153846154
1 0.24278846153846154 0.5853365384615384 0.078125 0.13701923076923078