3 0.6754807692307693 0.5769230769230769 0.19951923076923078 0.1875
3 0.21754807692307693 0.5144230769230769 0.2091346153846154 0.12860576923076922
1 0.3641826923076923 0.5600961538461539 0.078125 0.054086538461538464
1 0.03125 0.5733173076923077 0.056490384615384616 0.0625
3 0.5588942307692307 0.5 0.1310096153846154 0.09134615384615384
3 0.6947115384615384 0.4495192307692308 0.08413461538461539 0.06610576923076923
3 0.8389423076923077 0.3870192307692308 0.052884615384615384 0.05048076923076923
1 0.796875 0.4230769230769231 0.04326923076923077 0.028846153846153848
1 0.7451923076923077 0.40384615384615385 0.040865384615384616 0.03365384615384615
3 0.6057692307692307 0.43509615384615385 0.10576923076923077 0.0625
3 0.8581730769230769 0.34615384615384615 0.078125 0.05889423076923077
3 0.9254807692307693 0.33533653846153844 0.05048076923076923 0.04567307692307692