1 0.9014423076923077 0.8557692307692307 0.19110576923076922 0.2704326923076923
1 0.6262019230769231 0.5396634615384616 0.19110576923076922 0.17908653846153846
1 0.546875 0.7980769230769231 0.19951923076923078 0.24639423076923078
1 0.2920673076923077 0.6875 0.140625 0.18389423076923078
1 0.4338942307692308 0.5480769230769231 0.15625 0.20432692307692307
3 0.5697115384615384 0.32091346153846156 0.22235576923076922 0.24158653846153846
1 0.3762019230769231 0.2439903846153846 0.08413461538461539 0.07091346153846154
1 0.27403846153846156 0.375 0.10336538461538461 0.09975961538461539
1 0.2403846153846154 0.49399038461538464 0.11298076923076923 0.15384615384615385
1 0.15264423076923078 0.3786057692307692 0.08774038461538461 0.09134615384615384
1 0.1778846153846154 0.28966346153846156 0.08774038461538461 0.0625
1 0.2692307692307692 0.27884615384615385 0.08173076923076923 0.06610576923076923
1 0.2548076923076923 0.19591346153846154 0.05889423076923077 0.05889423076923077
1 0.1935096153846154 0.15264423076923078 0.056490384615384616 0.04567307692307692
1 0.171875 0.21033653846153846 0.06850961538461539 0.0625
1 0.08653846153846154 0.21514423076923078 0.07211538461538461 0.07932692307692307
3 0.078125 0.12259615384615384 0.11899038461538461 0.11298076923076923
1 0.0733173076923077 0.2956730769230769 0.05889423076923077 0.07451923076923077
1 0.027644230769230768 0.2668269230769231 0.05048076923076923 0.05889423076923077