1 0.5865384615384616 0.6983173076923077 0.12860576923076922 0.24639423076923078
1 0.5637019230769231 0.38341346153846156 0.10336538461538461 0.1502403846153846
3 0.2800480769230769 0.43509615384615385 0.234375 0.34615384615384615
0 0.4519230769230769 0.10216346153846154 0.109375 0.20432692307692307
1 0.5612980769230769 0.14783653846153846 0.046875 0.0625
1 0.5661057692307693 0.08173076923076923 0.037259615384615384 0.04567307692307692
1 0.6141826923076923 0.25600961538461536 0.06610576923076923 0.0625
1 0.734375 0.34615384615384615 0.07451923076923077 0.11658653846153846
1 0.8233173076923077 0.2848557692307692 0.078125 0.09615384615384616
1 0.9387019230769231 0.5372596153846154 0.12139423076923077 0.15865384615384615
1 0.7596153846153846 0.13581730769230768 0.05048076923076923 0.07932692307692307
1 0.7175480769230769 0.051682692307692304 0.03485576923076923 0.04567307692307692