1 0.8858173076923077 0.8521634615384616 0.2283653846153846 0.2536057692307692
3 0.3173076923076923 0.6911057692307693 0.234375 0.40865384615384615
0 0.8389423076923077 0.5060096153846154 0.32211538461538464 0.5288461538461539
1 0.59375 0.5120192307692307 0.16826923076923078 0.19110576923076922
1 0.4483173076923077 0.3870192307692308 0.11538461538461539 0.09134615384615384
3 0.5048076923076923 0.2692307692307692 0.1658653846153846 0.17067307692307693
1 0.3076923076923077 0.41225961538461536 0.11538461538461539 0.125
1 0.4266826923076923 0.5913461538461539 0.12860576923076922 0.15865384615384615
1 0.203125 0.47716346153846156 0.09375 0.12860576923076922
3 0.1141826923076923 0.3557692307692308 0.11538461538461539 0.19591346153846154
1 0.3233173076923077 0.3125 0.09014423076923077 0.06610576923076923
1 0.21153846153846154 0.3269230769230769 0.078125 0.07932692307692307
1 0.3112980769230769 0.22956730769230768 0.078125 0.06610576923076923
1 0.24639423076923078 0.24759615384615385 0.07451923076923077 0.07091346153846154
3 0.22956730769230768 0.16706730769230768 0.05889423076923077 0.07451923076923077
1 0.17548076923076922 0.14783653846153846 0.05048076923076923 0.04567307692307692
1 0.1466346153846154 0.1935096153846154 0.04326923076923077 0.054086538461538464
3 0.07932692307692307 0.19831730769230768 0.08413461538461539 0.1045673076923077
3 0.06971153846153846 0.11298076923076923 0.078125 0.06610576923076923