3 0.7668269230769231 0.8016826923076923 0.1971153846153846 0.24639423076923078
1 0.9170673076923077 0.8497596153846154 0.140625 0.1502403846153846
1 0.8942307692307693 0.4483173076923077 0.056490384615384616 0.054086538461538464
1 0.2860576923076923 0.40384615384615385 0.027644230769230768 0.03365384615384615
1 0.2956730769230769 0.33774038461538464 0.027644230769230768 0.042067307692307696
1 0.38461538461538464 0.33533653846153844 0.025240384615384616 0.04567307692307692
1 0.4495192307692308 0.3161057692307692 0.025240384615384616 0.05048076923076923
1 0.4170673076923077 0.27884615384615385 0.021634615384615384 0.042067307692307696
3 0.41225961538461536 0.5192307692307693 0.07451923076923077 0.1622596153846154
3 0.22956730769230768 0.7896634615384616 0.11538461538461539 0.20432692307692307
3 0.3425480769230769 0.25600961538461536 0.027644230769230768 0.054086538461538464
3 0.375 0.2536057692307692 0.03125 0.05889423076923077