3 0.6201923076923077 0.7067307692307693 0.046875 0.11298076923076923
1 0.5673076923076923 0.8100961538461539 0.040865384615384616 0.07091346153846154
1 0.2956730769230769 0.7560096153846154 0.046875 0.0625
1 0.36778846153846156 0.7103365384615384 0.046875 0.0625
1 0.3701923076923077 0.4891826923076923 0.027644230769230768 0.04567307692307692
3 0.34375 0.43509615384615385 0.056490384615384616 0.12139423076923077
1 0.390625 0.3545673076923077 0.019230769230769232 0.03365384615384615
1 0.5889423076923077 0.5372596153846154 0.021634615384615384 0.03365384615384615
1 0.5420673076923077 0.5036057692307693 0.021634615384615384 0.042067307692307696
1 0.5721153846153846 0.4519230769230769 0.01201923076923077 0.028846153846153848
1 0.5576923076923077 0.36658653846153844 0.015625 0.03365384615384615
1 0.5516826923076923 0.3161057692307692 0.015625 0.025240384615384616
3 0.5637019230769231 0.25240384615384615 0.021634615384615384 0.054086538461538464
3 0.5348557692307693 0.21514423076923078 0.019230769230769232 0.028846153846153848
1 0.5384615384615384 0.25 0.015625 0.016826923076923076
1 0.515625 0.24158653846153846 0.01201923076923077 0.016826923076923076
3 0.5997596153846154 0.31850961538461536 0.025240384615384616 0.054086538461538464