0 0.4110576923076923 0.5901442307692307 0.07211538461538461 0.12860576923076922
1 0.3713942307692308 0.7163461538461539 0.04326923076923077 0.05048076923076923
1 0.3016826923076923 0.8665865384615384 0.05889423076923077 0.0829326923076923
1 0.2439903846153846 0.49759615384615385 0.04326923076923077 0.054086538461538464
3 0.18389423076923078 0.5060096153846154 0.06850961538461539 0.07091346153846154
1 0.14423076923076922 0.5625 0.04326923076923077 0.05048076923076923
1 0.3449519230769231 0.4495192307692308 0.052884615384615384 0.05048076923076923
1 0.4074519230769231 0.3786057692307692 0.05889423076923077 0.07451923076923077
1 0.5276442307692307 0.4026442307692308 0.019230769230769232 0.028846153846153848
0 0.5661057692307693 0.3545673076923077 0.04326923076923077 0.05889423076923077
1 0.5216346153846154 0.30649038461538464 0.025240384615384616 0.028846153846153848