0 0.05889423076923077 0.8305288461538461 0.11778846153846154 0.3293269230769231
1 0.3918269230769231 0.5973557692307693 0.2091346153846154 0.2127403846153846
1 0.5733173076923077 0.6706730769230769 0.21514423076923078 0.24158653846153846
1 0.8052884615384616 0.6274038461538461 0.15985576923076922 0.2536057692307692
1 0.7307692307692307 0.34375 0.125 0.14543269230769232
1 0.8641826923076923 0.3317307692307692 0.09735576923076923 0.12139423076923077
1 0.609375 0.28966346153846156 0.125 0.12860576923076922
1 0.7019230769230769 0.1935096153846154 0.06610576923076923 0.08774038461538461
1 0.8016826923076923 0.19110576923076922 0.078125 0.10817307692307693
3 0.9170673076923077 0.17908653846153846 0.09014423076923077 0.17548076923076922
1 0.828125 0.10576923076923077 0.056490384615384616 0.07932692307692307
1 0.9182692307692307 0.051682692307692304 0.05048076923076923 0.04567307692307692
1 0.7463942307692307 0.10216346153846154 0.05048076923076923 0.0625
3 0.8401442307692307 0.039663461538461536 0.07451923076923077 0.07932692307692307