3 0.4014423076923077 0.6045673076923077 0.29086538461538464 0.3918269230769231
3 0.6394230769230769 0.5769230769230769 0.33413461538461536 0.3629807692307692
1 0.8942307692307693 0.8774038461538461 0.21153846153846154 0.22596153846153846
1 0.2439903846153846 0.9146634615384616 0.2247596153846154 0.1622596153846154
1 0.19831730769230768 0.6766826923076923 0.1778846153846154 0.23798076923076922
3 0.11778846153846154 0.40625 0.140625 0.24639423076923078
3 0.28125 0.38341346153846156 0.1502403846153846 0.19951923076923078
3 0.32211538461538464 0.22716346153846154 0.1875 0.22115384615384615
1 0.4266826923076923 0.39783653846153844 0.1346153846153846 0.11298076923076923
1 0.16105769230769232 0.24639423076923078 0.06610576923076923 0.07451923076923077
1 0.078125 0.23317307692307693 0.056490384615384616 0.06610576923076923
1 0.06971153846153846 0.17307692307692307 0.05889423076923077 0.054086538461538464
1 0.06370192307692307 0.12740384615384615 0.046875 0.04567307692307692
1 0.19831730769230768 0.1310096153846154 0.046875 0.0625
3 0.1346153846153846 0.11298076923076923 0.06850961538461539 0.125