3 0.8485576923076923 0.7920673076923077 0.08413461538461539 0.125
1 0.7572115384615384 0.7620192307692307 0.05889423076923077 0.07451923076923077
1 0.7716346153846154 0.7211538461538461 0.056490384615384616 0.07451923076923077
3 0.6862980769230769 0.6478365384615384 0.09014423076923077 0.12139423076923077
1 0.6189903846153846 0.6129807692307693 0.03125 0.05048076923076923
1 0.6358173076923077 0.5649038461538461 0.040865384615384616 0.028846153846153848
3 0.6502403846153846 0.5336538461538461 0.0625 0.09134615384615384
2 0.5997596153846154 0.5168269230769231 0.05048076923076923 0.06610576923076923
1 0.5973557692307693 0.5661057692307693 0.037259615384615384 0.042067307692307696
1 0.4206730769230769 0.6045673076923077 0.052884615384615384 0.06610576923076923
1 0.5516826923076923 0.5649038461538461 0.03485576923076923 0.04567307692307692
1 0.4831730769230769 0.5420673076923077 0.03485576923076923 0.042067307692307696
1 0.4579326923076923 0.4963942307692308 0.027644230769230768 0.042067307692307696
1 0.3918269230769231 0.5084134615384616 0.027644230769230768 0.05048076923076923
1 0.33653846153846156 0.4651442307692308 0.027644230769230768 0.04567307692307692
3 0.45913461538461536 0.3641826923076923 0.08173076923076923 0.04567307692307692
3 0.5612980769230769 0.4723557692307692 0.08413461538461539 0.07932692307692307
0 0.5072115384615384 0.4831730769230769 0.078125 0.125
1 0.31850961538461536 0.3401442307692308 0.025240384615384616 0.028846153846153848
1 0.2620192307692308 0.3401442307692308 0.025240384615384616 0.04567307692307692
3 0.234375 0.33533653846153844 0.025240384615384616 0.07091346153846154
3 0.3641826923076923 0.375 0.05889423076923077 0.05048076923076923
1 0.296875 0.40625 0.056490384615384616 0.037259615384615384