1 0.6009615384615384 0.7067307692307693 0.027644230769230768 0.054086538461538464
1 0.5324519230769231 0.7103365384615384 0.027644230769230768 0.028846153846153848
1 0.4807692307692308 0.75 0.037259615384615384 0.06610576923076923
1 0.4795673076923077 0.7956730769230769 0.03485576923076923 0.042067307692307696
0 0.3629807692307692 0.7043269230769231 0.05048076923076923 0.09134615384615384
1 0.1502403846153846 0.875 0.0625 0.05889423076923077
3 0.25961538461538464 0.8641826923076923 0.09375 0.12860576923076922
3 0.4795673076923077 0.6370192307692307 0.046875 0.07451923076923077
1 0.4483173076923077 0.6838942307692307 0.021634615384615384 0.03365384615384615
1 0.4855769230769231 0.6935096153846154 0.021634615384615384 0.028846153846153848
1 0.5324519230769231 0.6129807692307693 0.021634615384615384 0.025240384615384616
1 0.5625 0.5817307692307693 0.019230769230769232 0.028846153846153848
1 0.39903846153846156 0.6141826923076923 0.015625 0.020432692307692308
1 0.47596153846153844 0.5504807692307693 0.015625 0.025240384615384616