1 0.19471153846153846 0.4375 0.203125 0.18389423076923078
1 0.2644230769230769 0.34375 0.1346153846153846 0.08774038461538461
1 0.6346153846153846 0.22716346153846154 0.0625 0.04567307692307692
1 0.6887019230769231 0.22956730769230768 0.03485576923076923 0.03365384615384615
1 0.7079326923076923 0.21033653846153846 0.040865384615384616 0.04567307692307692
1 0.8329326923076923 0.21634615384615385 0.027644230769230768 0.025240384615384616
1 0.8028846153846154 0.5961538461538461 0.0625 0.09975961538461539
1 0.8485576923076923 0.5348557692307693 0.046875 0.07932692307692307
1 0.7668269230769231 0.5372596153846154 0.05889423076923077 0.07451923076923077
1 0.7151442307692307 0.49158653846153844 0.056490384615384616 0.06610576923076923
1 0.7956730769230769 0.4807692307692308 0.03485576923076923 0.0625
1 0.8173076923076923 0.44350961538461536 0.03485576923076923 0.04567307692307692
1 0.8497596153846154 0.3954326923076923 0.019230769230769232 0.042067307692307696
1 0.8689903846153846 0.46033653846153844 0.04326923076923077 0.04567307692307692
3 0.8870192307692307 0.41466346153846156 0.037259615384615384 0.054086538461538464