1 0.3269230769230769 0.6959134615384616 0.08413461538461539 0.13341346153846154
1 0.2848557692307692 0.625 0.07451923076923077 0.0829326923076923
1 0.2692307692307692 0.46875 0.037259615384615384 0.04567307692307692
1 0.2848557692307692 0.4230769230769231 0.056490384615384616 0.037259615384615384
1 0.49038461538461536 0.4579326923076923 0.05048076923076923 0.05889423076923077
1 0.5733173076923077 0.4098557692307692 0.03485576923076923 0.054086538461538464
1 0.7247596153846154 0.4411057692307692 0.037259615384615384 0.05048076923076923
1 0.6057692307692307 0.47115384615384615 0.04326923076923077 0.05889423076923077
1 0.38100961538461536 0.3557692307692308 0.03125 0.028846153846153848
3 0.2860576923076923 0.36658653846153844 0.08413461538461539 0.0829326923076923
1 0.14903846153846154 0.42908653846153844 0.046875 0.05048076923076923
1 0.5673076923076923 0.30408653846153844 0.021634615384615384 0.025240384615384616