1 0.828125 0.7956730769230769 0.11899038461538461 0.1502403846153846
1 0.6358173076923077 0.46274038461538464 0.046875 0.0829326923076923
1 0.6177884615384616 0.7247596153846154 0.08413461538461539 0.14182692307692307
3 0.734375 0.9182692307692307 0.1622596153846154 0.15384615384615385
1 0.546875 0.6129807692307693 0.06850961538461539 0.10817307692307693
1 0.5192307692307693 0.5252403846153846 0.0625 0.07451923076923077
1 0.4651442307692308 0.4891826923076923 0.05048076923076923 0.07932692307692307
1 0.4963942307692308 0.42908653846153844 0.056490384615384616 0.09134615384615384
3 0.4483173076923077 0.3605769230769231 0.078125 0.09615384615384616
0 0.4182692307692308 0.31009615384615385 0.08173076923076923 0.09615384615384616
1 0.4375 0.43509615384615385 0.0625 0.07091346153846154
1 0.5144230769230769 0.3629807692307692 0.052884615384615384 0.06610576923076923
1 0.5348557692307693 0.3161057692307692 0.06850961538461539 0.06610576923076923
1 0.5925480769230769 0.2668269230769231 0.05889423076923077 0.06610576923076923
0 0.5564903846153846 0.2439903846153846 0.07451923076923077 0.07091346153846154