0 0.6490384615384616 0.8185096153846154 0.08413461538461539 0.22956730769230768
1 0.4831730769230769 0.8786057692307693 0.078125 0.06610576923076923
1 0.5877403846153846 0.7728365384615384 0.03125 0.08774038461538461
1 0.5697115384615384 0.7067307692307693 0.027644230769230768 0.054086538461538464
3 0.671875 0.6141826923076923 0.05048076923076923 0.08774038461538461
3 0.7199519230769231 0.6081730769230769 0.046875 0.06610576923076923
3 0.6262019230769231 0.5504807692307693 0.027644230769230768 0.03365384615384615
3 0.5877403846153846 0.5108173076923077 0.037259615384615384 0.054086538461538464
1 0.5420673076923077 0.5120192307692307 0.03485576923076923 0.042067307692307696
1 0.4182692307692308 0.6814903846153846 0.03125 0.037259615384615384
1 0.4951923076923077 0.5877403846153846 0.027644230769230768 0.03365384615384615
1 0.24278846153846154 0.8040865384615384 0.052884615384615384 0.05889423076923077
1 0.2548076923076923 0.9026442307692307 0.06610576923076923 0.07091346153846154
1 0.4266826923076923 0.5420673076923077 0.021634615384615384 0.025240384615384616
1 0.46153846153846156 0.5168269230769231 0.021634615384615384 0.03365384615384615