3 0.4483173076923077 0.5396634615384616 0.078125 0.12860576923076922
1 0.5372596153846154 0.5973557692307693 0.06850961538461539 0.07932692307692307
1 0.4579326923076923 0.4170673076923077 0.03485576923076923 0.03365384615384615
3 0.4050480769230769 0.35216346153846156 0.03485576923076923 0.07932692307692307
1 0.5384615384615384 0.3401442307692308 0.027644230769230768 0.04567307692307692
1 0.6598557692307693 0.3786057692307692 0.03125 0.042067307692307696
1 0.4230769230769231 0.2932692307692308 0.021634615384615384 0.028846153846153848
1 0.44711538461538464 0.2932692307692308 0.01201923076923077 0.020432692307692308
1 0.42788461538461536 0.27283653846153844 0.01201923076923077 0.01201923076923077
1 0.44711538461538464 0.25240384615384615 0.01201923076923077 0.01201923076923077
1 0.5168269230769231 0.2956730769230769 0.021634615384615384 0.025240384615384616
1 0.4951923076923077 0.2608173076923077 0.015625 0.01201923076923077
1 0.47475961538461536 0.24759615384615385 0.01201923076923077 0.01201923076923077
1 0.49038461538461536 0.24639423076923078 0.019230769230769232 0.016826923076923076
3 0.5997596153846154 0.3161057692307692 0.03125 0.042067307692307696
1 0.5793269230769231 0.28365384615384615 0.009615384615384616 0.025240384615384616
1 0.41346153846153844 0.2668269230769231 0.009615384615384616 0.016826923076923076
1 0.42788461538461536 0.25 0.01201923076923077 0.016826923076923076