2 0.16706730769230768 0.8581730769230769 0.2091346153846154 0.27524038461538464
1 0.23076923076923078 0.6358173076923077 0.09375 0.1045673076923077
1 0.3701923076923077 0.6586538461538461 0.109375 0.15865384615384615
1 0.4651442307692308 0.5745192307692307 0.08173076923076923 0.09134615384615384
1 0.5360576923076923 0.4879807692307692 0.08413461538461539 0.09134615384615384
1 0.5 0.4411057692307692 0.07451923076923077 0.05889423076923077
1 0.5036057692307693 0.38100961538461536 0.056490384615384616 0.04567307692307692
1 0.6153846153846154 0.33533653846153844 0.04326923076923077 0.04567307692307692
1 0.6622596153846154 0.27283653846153844 0.037259615384615384 0.028846153846153848
0 0.6826923076923077 0.21634615384615385 0.052884615384615384 0.06610576923076923
1 0.6454326923076923 0.4543269230769231 0.05889423076923077 0.07451923076923077
1 0.7019230769230769 0.3942307692307692 0.05889423076923077 0.08774038461538461
1 0.7560096153846154 0.5120192307692307 0.0625 0.0829326923076923
0 0.5384615384615384 0.6935096153846154 0.2283653846153846 0.3954326923076923
0 0.6622596153846154 0.7295673076923077 0.1935096153846154 0.4254807692307692