3 0.47475961538461536 0.4723557692307692 0.1875 0.27884615384615385
3 0.4230769230769231 0.40384615384615385 0.1658653846153846 0.19951923076923078
3 0.7139423076923077 0.3125 0.07211538461538461 0.1502403846153846
1 0.5685096153846154 0.32091346153846156 0.06850961538461539 0.09134615384615384
1 0.6141826923076923 0.23317307692307693 0.040865384615384616 0.05048076923076923
1 0.6947115384615384 0.1622596153846154 0.046875 0.042067307692307696
1 0.734375 0.23557692307692307 0.04326923076923077 0.054086538461538464
1 0.4170673076923077 0.24639423076923078 0.040865384615384616 0.05889423076923077
1 0.30649038461538464 0.4266826923076923 0.09975961538461539 0.1045673076923077
1 0.5 0.2692307692307692 0.04326923076923077 0.04567307692307692
1 0.5 0.21033653846153846 0.03125 0.037259615384615384
1 0.4387019230769231 0.19951923076923078 0.027644230769230768 0.03365384615384615
1 0.4735576923076923 0.17307692307692307 0.021634615384615384 0.037259615384615384
1 0.515625 0.14423076923076922 0.019230769230769232 0.028846153846153848
1 0.5300480769230769 0.1310096153846154 0.015625 0.020432692307692308
1 0.6141826923076923 0.12259615384615384 0.027644230769230768 0.037259615384615384