2 0.2860576923076923 0.5901442307692307 0.171875 0.2127403846153846
1 0.33413461538461536 0.6995192307692307 0.14423076923076922 0.17548076923076922
1 0.1622596153846154 0.6286057692307693 0.10576923076923077 0.13341346153846154
1 0.11538461538461539 0.5625 0.11899038461538461 0.125
1 0.31971153846153844 0.47115384615384615 0.10336538461538461 0.125
3 0.49278846153846156 0.5108173076923077 0.171875 0.22115384615384615
0 0.47836538461538464 0.3954326923076923 0.19951923076923078 0.23317307692307693
3 0.6141826923076923 0.32091346153846156 0.07211538461538461 0.10817307692307693
1 0.6141826923076923 0.4206730769230769 0.06610576923076923 0.07451923076923077
1 0.6670673076923077 0.3641826923076923 0.052884615384615384 0.0625
1 0.6995192307692307 0.32091346153846156 0.037259615384615384 0.042067307692307696
1 0.7295673076923077 0.2848557692307692 0.03485576923076923 0.054086538461538464
3 0.6935096153846154 0.22235576923076922 0.056490384615384616 0.08774038461538461