2 0.7139423076923077 0.5901442307692307 0.171875 0.2127403846153846
1 0.6658653846153846 0.6995192307692307 0.14423076923076922 0.17548076923076922
1 0.8377403846153846 0.6286057692307693 0.10576923076923077 0.13341346153846154
1 0.8846153846153846 0.5625 0.11899038461538461 0.125
1 0.6802884615384616 0.47115384615384615 0.10336538461538461 0.125
3 0.5072115384615384 0.5108173076923077 0.171875 0.22115384615384615
0 0.5216346153846154 0.3954326923076923 0.19951923076923078 0.23317307692307693
3 0.3858173076923077 0.32091346153846156 0.07211538461538461 0.10817307692307693
1 0.3858173076923077 0.4206730769230769 0.06610576923076923 0.07451923076923077
1 0.3329326923076923 0.3641826923076923 0.052884615384615384 0.0625
1 0.3004807692307692 0.32091346153846156 0.037259615384615384 0.042067307692307696
1 0.2704326923076923 0.2848557692307692 0.03485576923076923 0.054086538461538464
3 0.30649038461538464 0.22235576923076922 0.056490384615384616 0.08774038461538461