1 0.6009615384615384 0.5600961538461539 0.171875 0.22115384615384615
1 0.7764423076923077 0.6021634615384616 0.1466346153846154 0.19591346153846154
1 0.8329326923076923 0.4266826923076923 0.109375 0.14543269230769232
1 0.7235576923076923 0.34375 0.109375 0.12139423076923077
1 0.5216346153846154 0.4170673076923077 0.13701923076923078 0.125
1 0.6634615384615384 0.8918269230769231 0.234375 0.20793269230769232
1 0.6971153846153846 0.22115384615384615 0.09375 0.09975961538461539
1 0.7932692307692307 0.21875 0.08173076923076923 0.08774038461538461
1 0.875 0.31009615384615385 0.08173076923076923 0.11298076923076923
1 0.9134615384615384 0.19951923076923078 0.06610576923076923 0.0829326923076923
1 0.8473557692307693 0.14543269230769232 0.0625 0.05048076923076923
3 0.9543269230769231 0.07692307692307693 0.05889423076923077 0.12860576923076922
3 0.8317307692307693 0.0733173076923077 0.125 0.14543269230769232