1 0.39903846153846156 0.5600961538461539 0.171875 0.22115384615384615
1 0.22355769230769232 0.6021634615384616 0.1466346153846154 0.19591346153846154
1 0.16706730769230768 0.4266826923076923 0.109375 0.14543269230769232
1 0.2764423076923077 0.34375 0.109375 0.12139423076923077
1 0.47836538461538464 0.4170673076923077 0.13701923076923078 0.125
1 0.33653846153846156 0.8918269230769231 0.234375 0.20793269230769232
1 0.30288461538461536 0.22115384615384615 0.09375 0.09975961538461539
1 0.20673076923076922 0.21875 0.08173076923076923 0.08774038461538461
1 0.125 0.31009615384615385 0.08173076923076923 0.11298076923076923
1 0.08653846153846154 0.19951923076923078 0.06610576923076923 0.0829326923076923
1 0.15264423076923078 0.14543269230769232 0.0625 0.05048076923076923
3 0.04567307692307692 0.07692307692307693 0.05889423076923077 0.12860576923076922
3 0.16826923076923078 0.0733173076923077 0.125 0.14543269230769232