3 0.3401442307692308 0.6586538461538461 0.3317307692307692 0.4170673076923077
3 0.4891826923076923 0.7536057692307693 0.3786057692307692 0.4831730769230769
1 0.7752403846153846 0.71875 0.15625 0.2536057692307692
1 0.09014423076923077 0.7956730769230769 0.18028846153846154 0.28365384615384615
1 0.8329326923076923 0.5372596153846154 0.11538461538461539 0.14182692307692307
1 0.859375 0.3713942307692308 0.09375 0.11658653846153846
1 0.8954326923076923 0.24759615384615385 0.05889423076923077 0.08774038461538461
1 0.9170673076923077 0.15865384615384615 0.052884615384615384 0.07451923076923077
3 0.9375 0.0733173076923077 0.0625 0.11298076923076923
1 0.8473557692307693 0.14783653846153846 0.056490384615384616 0.0625
1 0.8076923076923077 0.22115384615384615 0.07211538461538461 0.09134615384615384
1 0.7704326923076923 0.2776442307692308 0.07211538461538461 0.13701923076923078
1 0.7295673076923077 0.37740384615384615 0.09735576923076923 0.09615384615384616
3 0.6514423076923077 0.49158653846153844 0.15985576923076922 0.2668269230769231
1 0.6189903846153846 0.19110576923076922 0.07451923076923077 0.0829326923076923
3 0.5612980769230769 0.3713942307692308 0.19110576923076922 0.19951923076923078
3 0.6682692307692307 0.20793269230769232 0.15625 0.18389423076923078
3 0.7451923076923077 0.11658653846153846 0.12860576923076922 0.125
3 0.8713942307692307 0.054086538461538464 0.08774038461538461 0.10817307692307693