3 0.5096153846153846 0.5901442307692307 0.2860576923076923 0.453125
1 0.6766826923076923 0.35336538461538464 0.07692307692307693 0.09615384615384616
1 0.8052884615384616 0.27884615384615385 0.051682692307692304 0.08774038461538461
1 0.7728365384615384 0.5036057692307693 0.10697115384615384 0.16706730769230768
1 0.7391826923076923 0.18509615384615385 0.04326923076923077 0.06129807692307692
3 0.8233173076923077 0.11538461538461539 0.036057692307692304 0.056490384615384616
1 0.06009615384615385 0.9110576923076923 0.1201923076923077 0.13701923076923078
0 0.29447115384615385 0.609375 0.20793269230769232 0.2956730769230769
1 0.734375 0.10216346153846154 0.03485576923076923 0.042067307692307696
1 0.7475961538461539 0.04927884615384615 0.026442307692307692 0.038461538461538464
1 0.8137019230769231 0.078125 0.03125 0.038461538461538464
1 0.7572115384615384 0.08413461538461539 0.03485576923076923 0.037259615384615384