1 0.6706730769230769 0.6201923076923077 0.18028846153846154 0.1935096153846154
1 0.4050480769230769 0.5432692307692307 0.13701923076923078 0.15264423076923078
1 0.4891826923076923 0.41586538461538464 0.12860576923076922 0.15384615384615385
1 0.9026442307692307 0.8798076923076923 0.1935096153846154 0.23677884615384615
0 0.1971153846153846 0.12259615384615384 0.14543269230769232 0.171875
1 0.6478365384615384 0.42908653846153844 0.14423076923076922 0.12860576923076922
1 0.28846153846153844 0.38461538461538464 0.11538461538461539 0.12860576923076922
3 0.13581730769230768 0.2403846153846154 0.09495192307692307 0.15625
1 0.6021634615384616 0.8401442307692307 0.2439903846153846 0.26802884615384615
1 0.1346153846153846 0.37740384615384615 0.08533653846153846 0.10697115384615384
0 0.8725961538461539 0.609375 0.2403846153846154 0.3786057692307692
1 0.27524038461538464 0.6358173076923077 0.15745192307692307 0.17548076923076922
3 0.35336538461538464 0.2848557692307692 0.14302884615384615 0.1814903846153846
1 0.24759615384615385 0.24759615384615385 0.07692307692307693 0.078125
1 0.20192307692307693 0.31009615384615385 0.0733173076923077 0.09735576923076923
0 0.45913461538461536 0.2403846153846154 0.20432692307692307 0.22716346153846154
3 0.052884615384615384 0.24278846153846154 0.08653846153846154 0.14302884615384615
3 0.3918269230769231 0.8317307692307693 0.30288461538461536 0.33653846153846156