1 0.5685096153846154 0.5252403846153846 0.13701923076923078 0.17307692307692307
1 0.5048076923076923 0.4014423076923077 0.11177884615384616 0.12259615384615384
3 0.34375 0.5516826923076923 0.2536057692307692 0.35096153846153844
3 0.6802884615384616 0.11298076923076923 0.109375 0.1778846153846154
1 0.6887019230769231 0.3161057692307692 0.0889423076923077 0.1141826923076923
1 0.5745192307692307 0.30288461538461536 0.10216346153846154 0.109375
3 0.8317307692307693 0.0733173076923077 0.04807692307692308 0.07211538461538461
0 0.7716346153846154 0.4675480769230769 0.14783653846153846 0.296875
1 0.4206730769230769 0.8076923076923077 0.23557692307692307 0.23557692307692307
1 0.7680288461538461 0.19110576923076922 0.055288461538461536 0.08413461538461539
1 0.7884615384615384 0.13581730769230768 0.055288461538461536 0.06971153846153846
1 0.7800480769230769 0.0625 0.038461538461538464 0.040865384615384616