1 0.5276442307692307 0.23557692307692307 0.07692307692307693 0.09014423076923077
1 0.5552884615384616 0.5192307692307693 0.14302884615384615 0.16346153846153846
1 0.6923076923076923 0.1658653846153846 0.06129807692307692 0.0733173076923077
1 0.6646634615384616 0.35336538461538464 0.1141826923076923 0.14543269230769232
1 0.5997596153846154 0.16105769230769232 0.05889423076923077 0.06610576923076923
1 0.6322115384615384 0.23197115384615385 0.08052884615384616 0.0985576923076923
1 0.7283653846153846 0.2692307692307692 0.0829326923076923 0.1045673076923077
1 0.3401442307692308 0.8786057692307693 0.27403846153846156 0.21875
1 0.09975961538461539 0.8341346153846154 0.19951923076923078 0.19831730769230768
3 0.7980769230769231 0.11177884615384616 0.046875 0.08413461538461539
1 0.6490384615384616 0.05889423076923077 0.039663461538461536 0.04807692307692308
1 0.7475961538461539 0.20552884615384615 0.0733173076923077 0.08052884615384616
3 0.7319711538461539 0.0985576923076923 0.06009615384615385 0.07211538461538461