1 0.5228365384615384 0.49158653846153844 0.15625 0.19471153846153846
3 0.44591346153846156 0.27524038461538464 0.140625 0.22235576923076922
1 0.1778846153846154 0.5829326923076923 0.109375 0.1935096153846154
1 0.5528846153846154 0.265625 0.06370192307692307 0.0889423076923077
1 0.20072115384615385 0.296875 0.08653846153846154 0.12620192307692307
1 0.7199519230769231 0.7980769230769231 0.25961538461538464 0.25600961538461536
3 0.7692307692307693 0.5372596153846154 0.27283653846153844 0.3137019230769231
1 0.29086538461538464 0.10576923076923077 0.06370192307692307 0.078125
1 0.3942307692307692 0.039663461538461536 0.051682692307692304 0.055288461538461536
1 0.5540865384615384 0.15745192307692307 0.06129807692307692 0.07451923076923077
1 0.47836538461538464 0.11177884615384616 0.05889423076923077 0.06850961538461539