1 0.26802884615384615 0.6778846153846154 0.17307692307692307 0.28125
1 0.7620192307692307 0.765625 0.265625 0.3161057692307692
1 0.671875 0.43509615384615385 0.15384615384615385 0.14423076923076922
1 0.6081730769230769 0.546875 0.16706730769230768 0.19831730769230768
1 0.5408653846153846 0.2776442307692308 0.12259615384615384 0.13701923076923078
1 0.4879807692307692 0.36658653846153844 0.1310096153846154 0.14543269230769232
0 0.26322115384615385 0.20432692307692307 0.15745192307692307 0.28365384615384615
1 0.38100961538461536 0.2439903846153846 0.09014423076923077 0.12860576923076922
1 0.9074519230769231 0.7055288461538461 0.1814903846153846 0.24759615384615385
1 0.12259615384615384 0.051682692307692304 0.06009615384615385 0.0985576923076923
3 0.43509615384615385 0.15144230769230768 0.109375 0.15264423076923078