1 0.3629807692307692 0.5036057692307693 0.15384615384615385 0.18990384615384615
1 0.5588942307692307 0.7391826923076923 0.19951923076923078 0.2283653846153846
1 0.7524038461538461 0.6742788461538461 0.20192307692307693 0.19951923076923078
1 0.30528846153846156 0.7451923076923077 0.16105769230769232 0.19591346153846154
3 0.4963942307692308 0.2800480769230769 0.17548076923076922 0.16105769230769232
1 0.7944711538461539 0.5168269230769231 0.20673076923076922 0.17067307692307693
1 0.9290865384615384 0.9074519230769231 0.14182692307692307 0.16706730769230768
3 0.5480769230769231 0.46153846153846156 0.17067307692307693 0.1814903846153846
1 0.6514423076923077 0.40024038461538464 0.1466346153846154 0.1201923076923077
1 0.39783653846153844 0.3485576923076923 0.12259615384615384 0.13942307692307693
1 0.11177884615384616 0.24278846153846154 0.08052884615384616 0.07091346153846154
1 0.20072115384615385 0.30408653846153844 0.09495192307692307 0.10336538461538461
1 0.23557692307692307 0.546875 0.12379807692307693 0.1814903846153846
1 0.29086538461538464 0.4206730769230769 0.09375 0.09615384615384616
1 0.3798076923076923 0.24158653846153846 0.0733173076923077 0.07451923076923077
1 0.06370192307692307 0.30408653846153844 0.08173076923076923 0.09134615384615384
1 0.1778846153846154 0.15865384615384615 0.07572115384615384 0.06610576923076923
1 0.09615384615384616 0.15745192307692307 0.06971153846153846 0.0625
3 0.25961538461538464 0.2608173076923077 0.17668269230769232 0.1502403846153846
1 0.12379807692307693 0.3701923076923077 0.07692307692307693 0.08653846153846154
1 0.171875 0.4411057692307692 0.11057692307692307 0.14543269230769232