1 0.47716346153846156 0.49158653846153844 0.15625 0.19471153846153846
3 0.5540865384615384 0.27524038461538464 0.140625 0.22235576923076922
1 0.8221153846153846 0.5829326923076923 0.109375 0.1935096153846154
1 0.44711538461538464 0.265625 0.06370192307692307 0.0889423076923077
1 0.7992788461538461 0.296875 0.08653846153846154 0.12620192307692307
1 0.2800480769230769 0.7980769230769231 0.25961538461538464 0.25600961538461536
3 0.23076923076923078 0.5372596153846154 0.27283653846153844 0.3137019230769231
1 0.7091346153846154 0.10576923076923077 0.06370192307692307 0.078125
1 0.6057692307692307 0.039663461538461536 0.051682692307692304 0.055288461538461536
1 0.44591346153846156 0.15745192307692307 0.06129807692307692 0.07451923076923077
1 0.5216346153846154 0.11177884615384616 0.05889423076923077 0.06850961538461539