1 0.5973557692307693 0.43028846153846156 0.109375 0.16466346153846154
1 0.31850961538461536 0.35336538461538464 0.09014423076923077 0.15264423076923078
1 0.46634615384615385 0.5961538461538461 0.11899038461538461 0.20552884615384615
1 0.2692307692307692 0.7668269230769231 0.14182692307692307 0.2644230769230769
0 0.4483173076923077 0.33774038461538464 0.11057692307692307 0.23317307692307693
1 0.33653846153846156 0.10697115384615384 0.04447115384615385 0.06971153846153846
1 0.46634615384615385 0.08052884615384616 0.04807692307692308 0.05889423076923077
0 0.796875 0.7475961538461539 0.26322115384615385 0.4387019230769231
1 0.35697115384615385 0.021634615384615384 0.037259615384615384 0.03245192307692308
1 0.3425480769230769 0.05889423076923077 0.038461538461538464 0.04326923076923077
1 0.42427884615384615 0.15264423076923078 0.055288461538461536 0.07932692307692307
1 0.41466346153846156 0.08774038461538461 0.057692307692307696 0.04447115384615385