1 0.6370192307692307 0.5036057692307693 0.15384615384615385 0.18990384615384615
1 0.4411057692307692 0.7391826923076923 0.19951923076923078 0.2283653846153846
1 0.24759615384615385 0.6742788461538461 0.20192307692307693 0.19951923076923078
1 0.6947115384615384 0.7451923076923077 0.16105769230769232 0.19591346153846154
3 0.5036057692307693 0.2800480769230769 0.17548076923076922 0.16105769230769232
1 0.20552884615384615 0.5168269230769231 0.20673076923076922 0.17067307692307693
1 0.07091346153846154 0.9074519230769231 0.14182692307692307 0.16706730769230768
3 0.4519230769230769 0.46153846153846156 0.17067307692307693 0.1814903846153846
1 0.3485576923076923 0.40024038461538464 0.1466346153846154 0.1201923076923077
1 0.6021634615384616 0.3485576923076923 0.12259615384615384 0.13942307692307693
1 0.8882211538461539 0.24278846153846154 0.08052884615384616 0.07091346153846154
1 0.7992788461538461 0.30408653846153844 0.09495192307692307 0.10336538461538461
1 0.7644230769230769 0.546875 0.12379807692307693 0.1814903846153846
1 0.7091346153846154 0.4206730769230769 0.09375 0.09615384615384616
1 0.6201923076923077 0.24158653846153846 0.0733173076923077 0.07451923076923077
1 0.9362980769230769 0.30408653846153844 0.08173076923076923 0.09134615384615384
1 0.8221153846153846 0.15865384615384615 0.07572115384615384 0.06610576923076923
1 0.9038461538461539 0.15745192307692307 0.06971153846153846 0.0625
3 0.7403846153846154 0.2608173076923077 0.17668269230769232 0.1502403846153846
1 0.8762019230769231 0.3701923076923077 0.07692307692307693 0.08653846153846154
1 0.828125 0.4411057692307692 0.11057692307692307 0.14543269230769232