1 0.5492788461538461 0.5853365384615384 0.15384615384615385 0.24879807692307693
1 0.3233173076923077 0.5504807692307693 0.14543269230769232 0.15625
1 0.06129807692307692 0.7007211538461539 0.12139423076923077 0.25721153846153844
1 0.3233173076923077 0.3641826923076923 0.12860576923076922 0.12980769230769232
1 0.7824519230769231 0.4639423076923077 0.1045673076923077 0.15384615384615385
1 0.6670673076923077 0.3449519230769231 0.10576923076923077 0.14543269230769232
3 0.8701923076923077 0.12139423076923077 0.09014423076923077 0.14783653846153846
1 0.8365384615384616 0.27283653846153844 0.07692307692307693 0.11057692307692307
3 0.7956730769230769 0.109375 0.08413461538461539 0.13341346153846154
3 0.5120192307692307 0.27403846153846156 0.2127403846153846 0.296875
1 0.6995192307692307 0.8617788461538461 0.18389423076923078 0.2764423076923077
1 0.7536057692307693 0.203125 0.06490384615384616 0.08173076923076923
1 0.08173076923076923 0.9002403846153846 0.16105769230769232 0.18870192307692307
3 0.6754807692307693 0.12259615384615384 0.0829326923076923 0.10817307692307693
1 0.7487980769230769 0.0673076923076923 0.04927884615384615 0.051682692307692304
3 0.6346153846153846 0.15985576923076922 0.10096153846153846 0.1658653846153846
1 0.9326923076923077 0.015625 0.03485576923076923 0.02403846153846154
2 0.45072115384615385 0.20552884615384615 0.12980769230769232 0.15745192307692307
2 0.5516826923076923 0.12379807692307693 0.10576923076923077 0.09375