1 0.35096153846153844 0.2860576923076923 0.08533653846153846 0.0985576923076923
1 0.4050480769230769 0.39302884615384615 0.109375 0.125
1 0.3713942307692308 0.7632211538461539 0.18028846153846154 0.29447115384615385
1 0.5396634615384616 0.6646634615384616 0.16105769230769232 0.19471153846153846
1 0.2956730769230769 0.1814903846153846 0.0733173076923077 0.07572115384615384
1 0.2764423076923077 0.4795673076923077 0.10576923076923077 0.13341346153846154
1 0.12139423076923077 0.4375 0.08774038461538461 0.13701923076923078
1 0.23197115384615385 0.28125 0.08052884615384616 0.11177884615384616
3 0.1935096153846154 0.10216346153846154 0.08052884615384616 0.1778846153846154
3 0.11899038461538461 0.20072115384615385 0.09375 0.1778846153846154
1 0.13221153846153846 0.7956730769230769 0.14783653846153846 0.27403846153846156