1 0.7331730769230769 0.6730769230769231 0.13822115384615385 0.21033653846153846
1 0.7247596153846154 0.328125 0.09014423076923077 0.11538461538461539
3 0.8209134615384616 0.46274038461538464 0.12620192307692307 0.25841346153846156
1 0.3641826923076923 0.8581730769230769 0.28125 0.23197115384615385
3 0.8389423076923077 0.1045673076923077 0.08413461538461539 0.11177884615384616
1 0.7836538461538461 0.21153846153846154 0.07211538461538461 0.08173076923076923
1 0.6358173076923077 0.27524038461538464 0.0889423076923077 0.09495192307692307
1 0.6117788461538461 0.5348557692307693 0.11538461538461539 0.15144230769230768
1 0.8822115384615384 0.22115384615384615 0.06129807692307692 0.08533653846153846
1 0.47596153846153844 0.47596153846153844 0.15504807692307693 0.15745192307692307
1 0.7704326923076923 0.10817307692307693 0.06490384615384616 0.0985576923076923
1 0.10576923076923077 0.9134615384615384 0.1875 0.14903846153846154
1 0.9194711538461539 0.09495192307692307 0.04567307692307692 0.046875
1 0.6394230769230769 0.921875 0.20432692307692307 0.12740384615384615
1 0.9122596153846154 0.1502403846153846 0.06129807692307692 0.0733173076923077