0 0.7536057692307693 0.6538461538461539 0.08774038461538461 0.19951923076923078
3 0.7151442307692307 0.7439903846153846 0.07451923076923077 0.15384615384615385
3 0.4014423076923077 0.5348557692307693 0.046875 0.15384615384615385
1 0.4362980769230769 0.8233173076923077 0.046875 0.08774038461538461
3 0.2932692307692308 0.8004807692307693 0.06850961538461539 0.17548076923076922
3 0.2091346153846154 0.8557692307692307 0.08173076923076923 0.22115384615384615
3 0.35336538461538464 0.8810096153846154 0.08173076923076923 0.22115384615384615
1 0.3233173076923077 0.4723557692307692 0.027644230769230768 0.04567307692307692
1 0.4675480769230769 0.4495192307692308 0.027644230769230768 0.05048076923076923
1 0.4266826923076923 0.4338942307692308 0.027644230769230768 0.03365384615384615
3 0.40625 0.3713942307692308 0.03125 0.06610576923076923
1 0.47836538461538464 0.375 0.019230769230769232 0.042067307692307696
1 0.453125 0.3329326923076923 0.025240384615384616 0.05889423076923077
1 0.59375 0.3954326923076923 0.03125 0.05048076923076923
1 0.40625 0.3016826923076923 0.025240384615384616 0.020432692307692308
3 0.5697115384615384 0.24158653846153846 0.027644230769230768 0.05048076923076923