1 0.4098557692307692 0.46634615384615385 0.08774038461538461 0.125
1 0.28846153846153844 0.3870192307692308 0.078125 0.09134615384615384
3 0.24879807692307693 0.22716346153846154 0.09735576923076923 0.15384615384615385
1 0.4423076923076923 0.20192307692307693 0.040865384615384616 0.0625
1 0.4483173076923077 0.15384615384615385 0.021634615384615384 0.025240384615384616
3 0.3401442307692308 0.13942307692307693 0.03125 0.0625
1 0.4026442307692308 0.14423076923076922 0.025240384615384616 0.028846153846153848
1 0.5877403846153846 0.22235576923076922 0.05048076923076923 0.07932692307692307
1 0.6754807692307693 0.23076923076923078 0.05048076923076923 0.07091346153846154
1 0.6057692307692307 0.15384615384615385 0.03125 0.042067307692307696
3 0.6298076923076923 0.11899038461538461 0.040865384615384616 0.0625
3 0.578125 0.0733173076923077 0.037259615384615384 0.054086538461538464