1 0.7115384615384616 0.47115384615384615 0.03485576923076923 0.042067307692307696
1 0.7536057692307693 0.43509615384615385 0.03125 0.04567307692307692
1 0.6634615384615384 0.42908653846153844 0.03485576923076923 0.03365384615384615
1 0.5817307692307693 0.43990384615384615 0.04326923076923077 0.037259615384615384
1 0.4951923076923077 0.5661057692307693 0.05889423076923077 0.05048076923076923
3 0.34975961538461536 0.7752403846153846 0.20673076923076922 0.23317307692307693
1 0.19230769230769232 0.8016826923076923 0.12139423076923077 0.12860576923076922
1 0.1141826923076923 0.5600961538461539 0.07211538461538461 0.07091346153846154
1 0.18629807692307693 0.4519230769230769 0.046875 0.04567307692307692
1 0.3161057692307692 0.4519230769230769 0.056490384615384616 0.054086538461538464
1 0.4987980769230769 0.3401442307692308 0.021634615384615384 0.028846153846153848
1 0.6237980769230769 0.34975961538461536 0.021634615384615384 0.025240384615384616
1 0.6887019230769231 0.3161057692307692 0.015625 0.025240384615384616