3 0.4375 0.5456730769230769 0.16826923076923078 0.11658653846153846
1 0.1971153846153846 0.5504807692307693 0.10576923076923077 0.05889423076923077
1 0.296875 0.4026442307692308 0.05048076923076923 0.054086538461538464
1 0.4206730769230769 0.4170673076923077 0.040865384615384616 0.05048076923076923
1 0.44350961538461536 0.3629807692307692 0.037259615384615384 0.05048076923076923
1 0.5348557692307693 0.40024038461538464 0.03125 0.05048076923076923
1 0.5480769230769231 0.3641826923076923 0.027644230769230768 0.028846153846153848
1 0.5528846153846154 0.3401442307692308 0.03125 0.028846153846153848
1 0.5576923076923077 0.31850961538461536 0.027644230769230768 0.020432692307692308
1 0.5625 0.3088942307692308 0.025240384615384616 0.016826923076923076
1 0.8112980769230769 0.5348557692307693 0.09735576923076923 0.054086538461538464
0 0.8221153846153846 0.6526442307692307 0.3245192307692308 0.17908653846153846