1 0.8810096153846154 0.8329326923076923 0.056490384615384616 0.07451923076923077
0 0.9302884615384616 0.6995192307692307 0.09014423076923077 0.125
1 0.8064903846153846 0.6790865384615384 0.05048076923076923 0.07451923076923077
1 0.734375 0.6334134615384616 0.037259615384615384 0.05048076923076923
2 0.6862980769230769 0.5060096153846154 0.046875 0.07091346153846154
1 0.6153846153846154 0.46875 0.03125 0.054086538461538464
3 0.5901442307692307 0.3786057692307692 0.037259615384615384 0.05889423076923077
3 0.5 0.27283653846153844 0.037259615384615384 0.054086538461538464
1 0.44350961538461536 0.2127403846153846 0.037259615384615384 0.042067307692307696
1 0.4182692307692308 0.3317307692307692 0.025240384615384616 0.037259615384615384
1 0.38461538461538464 0.14783653846153846 0.019230769230769232 0.04567307692307692
1 0.4230769230769231 0.17307692307692307 0.021634615384615384 0.037259615384615384
2 0.9074519230769231 0.5564903846153846 0.040865384615384616 0.07091346153846154
1 0.8449519230769231 0.5432692307692307 0.027644230769230768 0.04567307692307692
1 0.8557692307692307 0.5913461538461539 0.025240384615384616 0.042067307692307696
0 0.8245192307692307 0.41225961538461536 0.037259615384615384 0.06610576923076923
1 0.78125 0.41225961538461536 0.05048076923076923 0.042067307692307696
1 0.8076923076923077 0.47716346153846156 0.015625 0.037259615384615384