2 0.5060096153846154 0.5504807692307693 0.08173076923076923 0.14182692307692307
2 0.671875 0.35216346153846156 0.05048076923076923 0.07091346153846154
2 0.7139423076923077 0.3641826923076923 0.046875 0.07091346153846154
1 0.7043269230769231 0.7247596153846154 0.06610576923076923 0.14182692307692307
1 0.6129807692307693 0.49759615384615385 0.05048076923076923 0.07932692307692307
1 0.4891826923076923 0.6935096153846154 0.06610576923076923 0.12860576923076922
1 0.421875 0.8858173076923077 0.09975961538461539 0.17067307692307693
3 0.3173076923076923 0.8161057692307693 0.1346153846153846 0.20793269230769232
1 0.39663461538461536 0.7103365384615384 0.06850961538461539 0.1045673076923077
1 0.3894230769230769 0.5745192307692307 0.109375 0.14182692307692307
1 0.4951923076923077 0.4182692307692308 0.052884615384615384 0.04567307692307692
1 0.6033653846153846 0.3629807692307692 0.04326923076923077 0.05048076923076923