3 0.8605769230769231 0.28966346153846156 0.10336538461538461 0.15384615384615385
3 0.2764423076923077 0.78125 0.12139423076923077 0.23798076923076922
3 0.3389423076923077 0.5901442307692307 0.109375 0.1875
3 0.2764423076923077 0.41466346153846156 0.07211538461538461 0.11298076923076923
3 0.3737980769230769 0.41466346153846156 0.06610576923076923 0.12139423076923077
3 0.3425480769230769 0.2980769230769231 0.046875 0.07932692307692307
3 0.40024038461538464 0.31850961538461536 0.07451923076923077 0.11298076923076923
0 0.6394230769230769 0.09014423076923077 0.046875 0.07932692307692307
1 0.9375 0.31490384615384615 0.056490384615384616 0.0625
1 0.8990384615384616 0.16826923076923078 0.046875 0.04567307692307692
1 0.8028846153846154 0.15384615384615385 0.037259615384615384 0.03365384615384615