1 0.23557692307692307 0.8161057692307693 0.296875 0.3161057692307692
1 0.7920673076923077 0.6682692307692307 0.1466346153846154 0.2956730769230769
1 0.6502403846153846 0.5600961538461539 0.15625 0.19591346153846154
1 0.6862980769230769 0.37259615384615385 0.1346153846153846 0.12139423076923077
3 0.8629807692307693 0.3545673076923077 0.1310096153846154 0.2247596153846154
1 0.7980769230769231 0.24759615384615385 0.07211538461538461 0.07091346153846154
1 0.7223557692307693 0.19591346153846154 0.07451923076923077 0.09975961538461539
1 0.7295673076923077 0.1045673076923077 0.052884615384615384 0.05889423076923077
1 0.7932692307692307 0.056490384615384616 0.04326923076923077 0.09615384615384616
1 0.8293269230769231 0.16466346153846154 0.05889423076923077 0.07091346153846154
1 0.921875 0.13581730769230768 0.056490384615384616 0.07091346153846154