1 0.7644230769230769 0.8161057692307693 0.296875 0.3161057692307692
1 0.20793269230769232 0.6682692307692307 0.1466346153846154 0.2956730769230769
1 0.34975961538461536 0.5600961538461539 0.15625 0.19591346153846154
1 0.3137019230769231 0.37259615384615385 0.1346153846153846 0.12139423076923077
3 0.13701923076923078 0.3545673076923077 0.1310096153846154 0.2247596153846154
1 0.20192307692307693 0.24759615384615385 0.07211538461538461 0.07091346153846154
1 0.2776442307692308 0.19591346153846154 0.07451923076923077 0.09975961538461539
1 0.2704326923076923 0.1045673076923077 0.052884615384615384 0.05889423076923077
1 0.20673076923076922 0.056490384615384616 0.04326923076923077 0.09615384615384616
1 0.17067307692307693 0.16466346153846154 0.05889423076923077 0.07091346153846154
1 0.078125 0.13581730769230768 0.056490384615384616 0.07091346153846154