1 0.2247596153846154 0.7776442307692307 0.08774038461538461 0.08774038461538461
1 0.2824519230769231 0.8016826923076923 0.10336538461538461 0.12860576923076922
1 0.3449519230769231 0.8377403846153846 0.10336538461538461 0.13341346153846154
1 0.38461538461538464 0.6995192307692307 0.0625 0.0829326923076923
1 0.3137019230769231 0.6838942307692307 0.07211538461538461 0.09134615384615384
1 0.38461538461538464 0.6045673076923077 0.0625 0.07451923076923077
1 0.4483173076923077 0.6129807692307693 0.05889423076923077 0.0829326923076923
1 0.5036057692307693 0.5661057692307693 0.04326923076923077 0.042067307692307696
1 0.4951923076923077 0.5060096153846154 0.040865384615384616 0.054086538461538464
1 0.5769230769230769 0.4651442307692308 0.021634615384615384 0.028846153846153848
1 0.31971153846153844 0.4807692307692308 0.03485576923076923 0.028846153846153848