1 0.8112980769230769 0.5288461538461539 0.046875 0.09975961538461539
1 0.8401442307692307 0.4375 0.03125 0.06610576923076923
1 0.0889423076923077 0.4519230769230769 0.109375 0.11298076923076923
1 0.1658653846153846 0.3713942307692308 0.06850961538461539 0.0829326923076923
1 0.027644230769230768 0.4170673076923077 0.055288461538461536 0.14182692307692307
1 0.125 0.35216346153846156 0.05048076923076923 0.054086538461538464
1 0.17067307692307693 0.30649038461538464 0.046875 0.054086538461538464
1 0.21153846153846154 0.34134615384615385 0.052884615384615384 0.06610576923076923
3 0.24639423076923078 0.2956730769230769 0.056490384615384616 0.06610576923076923
0 0.28125 0.24639423076923078 0.0625 0.09975961538461539
1 0.20673076923076922 0.28365384615384615 0.03125 0.05048076923076923