1 0.18870192307692307 0.5288461538461539 0.046875 0.09975961538461539
1 0.15985576923076922 0.4375 0.03125 0.06610576923076923
1 0.9110576923076923 0.4519230769230769 0.109375 0.11298076923076923
1 0.8341346153846154 0.3713942307692308 0.06850961538461539 0.0829326923076923
1 0.9723557692307693 0.4170673076923077 0.055288461538461536 0.14182692307692307
1 0.875 0.35216346153846156 0.05048076923076923 0.054086538461538464
1 0.8293269230769231 0.30649038461538464 0.046875 0.054086538461538464
1 0.7884615384615384 0.34134615384615385 0.052884615384615384 0.06610576923076923
3 0.7536057692307693 0.2956730769230769 0.056490384615384616 0.06610576923076923
0 0.71875 0.24639423076923078 0.0625 0.09975961538461539
1 0.7932692307692307 0.28365384615384615 0.03125 0.05048076923076923