3 0.47475961538461536 0.46875 0.08653846153846154 0.1201923076923077
3 0.6706730769230769 0.5084134615384616 0.09735576923076923 0.12379807692307693
3 0.9206730769230769 0.5649038461538461 0.12740384615384615 0.12620192307692307
1 0.6502403846153846 0.6105769230769231 0.07692307692307693 0.06971153846153846
3 0.6069711538461539 0.34615384615384615 0.055288461538461536 0.0733173076923077
1 0.6021634615384616 0.39663461538461536 0.037259615384615384 0.040865384615384616
1 0.43509615384615385 0.3545673076923077 0.026442307692307692 0.039663461538461536
1 0.41947115384615385 0.30528846153846156 0.020432692307692308 0.026442307692307692
1 0.9723557692307693 0.6694711538461539 0.04447115384615385 0.10216346153846154
1 0.5144230769230769 0.33052884615384615 0.030048076923076924 0.030048076923076924
1 0.5324519230769231 0.31009615384615385 0.026442307692307692 0.027644230769230768
3 0.4891826923076923 0.28125 0.040865384615384616 0.051682692307692304