1 0.6802884615384616 0.4951923076923077 0.08173076923076923 0.08173076923076923
3 0.23076923076923078 0.3016826923076923 0.09735576923076923 0.0889423076923077
1 0.4795673076923077 0.3641826923076923 0.04927884615384615 0.057692307692307696
1 0.42788461538461536 0.35216346153846156 0.052884615384615384 0.057692307692307696
1 0.03125 0.37740384615384615 0.05048076923076923 0.04567307692307692
1 0.10817307692307693 0.32572115384615385 0.057692307692307696 0.051682692307692304
1 0.41586538461538464 0.3161057692307692 0.04567307692307692 0.052884615384615384
1 0.3245192307692308 0.32572115384615385 0.04927884615384615 0.055288461538461536
1 0.5252403846153846 0.3269230769230769 0.05048076923076923 0.040865384615384616
0 0.48197115384615385 0.21153846153846154 0.0625 0.04567307692307692
1 0.3401442307692308 0.33774038461538464 0.04326923076923077 0.05889423076923077
1 0.47716346153846156 0.3233173076923077 0.05048076923076923 0.04927884615384615
1 0.4639423076923077 0.2980769230769231 0.04567307692307692 0.056490384615384616
1 0.5180288461538461 0.29447115384615385 0.054086538461538464 0.040865384615384616
1 0.5901442307692307 0.26802884615384615 0.03365384615384615 0.027644230769230768