1 0.2800480769230769 0.6057692307692307 0.07451923076923077 0.08052884615384616
3 0.8569711538461539 0.41947115384615385 0.06610576923076923 0.09014423076923077
0 0.6430288461538461 0.390625 0.13581730769230768 0.11899038461538461
1 0.5216346153846154 0.5697115384615384 0.09134615384615384 0.09014423076923077
3 0.6274038461538461 0.4807692307692308 0.11778846153846154 0.13221153846153846
0 0.4651442307692308 0.4675480769230769 0.20552884615384615 0.19230769230769232
0 0.8473557692307693 0.34134615384615385 0.06971153846153846 0.0889423076923077
0 0.7548076923076923 0.3449519230769231 0.09615384615384616 0.08533653846153846
1 0.71875 0.4543269230769231 0.057692307692307696 0.055288461538461536
3 0.7872596153846154 0.39783653846153844 0.07451923076923077 0.09495192307692307
3 0.1778846153846154 0.4326923076923077 0.03485576923076923 0.07572115384615384
1 0.8966346153846154 0.25961538461538464 0.03365384615384615 0.042067307692307696
1 0.4951923076923077 0.5348557692307693 0.09375 0.06971153846153846