1 0.2764423076923077 0.765625 0.09375 0.13581730769230768
1 0.9278846153846154 0.625 0.07211538461538461 0.07091346153846154
3 0.9302884615384616 0.9110576923076923 0.13942307692307693 0.15865384615384615
1 0.9651442307692307 0.7536057692307693 0.06971153846153846 0.10336538461538461
1 0.7932692307692307 0.5360576923076923 0.046875 0.052884615384615384
1 0.8173076923076923 0.48197115384615385 0.04447115384615385 0.051682692307692304
1 0.5072115384615384 0.45072115384615385 0.038461538461538464 0.07692307692307693
1 0.9723557692307693 0.5528846153846154 0.052884615384615384 0.07932692307692307
1 0.5252403846153846 0.2920673076923077 0.027644230769230768 0.037259615384615384
3 0.9254807692307693 0.4795673076923077 0.07692307692307693 0.09014423076923077
1 0.7596153846153846 0.38822115384615385 0.030048076923076924 0.038461538461538464