3 0.2127403846153846 0.7235576923076923 0.16706730769230768 0.2536057692307692
1 0.3701923076923077 0.7451923076923077 0.09975961538461539 0.12740384615384615
1 0.6622596153846154 0.5625 0.051682692307692304 0.09975961538461539
1 0.5552884615384616 0.5576923076923077 0.04927884615384615 0.08533653846153846
0 0.05048076923076923 0.4807692307692308 0.09615384615384616 0.14543269230769232
3 0.5528846153846154 0.4651442307692308 0.0625 0.11658653846153846
1 0.21394230769230768 0.9375 0.14903846153846154 0.125
1 0.47596153846153844 0.6021634615384616 0.06850961538461539 0.11298076923076923
3 0.5 0.3870192307692308 0.04567307692307692 0.08653846153846154
1 0.4831730769230769 0.5012019230769231 0.05889423076923077 0.09014423076923077
1 0.8245192307692307 0.796875 0.09254807692307693 0.1466346153846154
3 0.19230769230769232 0.5324519230769231 0.12379807692307693 0.1466346153846154
3 0.5600961538461539 0.3473557692307692 0.04447115384615385 0.09375
1 0.036057692307692304 0.7740384615384616 0.07091346153846154 0.10697115384615384
0 0.06850961538461539 0.6153846153846154 0.13581730769230768 0.2620192307692308
1 0.49158653846153844 0.31971153846153844 0.03485576923076923 0.04326923076923077