1 0.6033653846153846 0.6586538461538461 0.10576923076923077 0.1201923076923077
1 0.29927884615384615 0.5528846153846154 0.10096153846153846 0.10096153846153846
1 0.44471153846153844 0.5336538461538461 0.0829326923076923 0.09495192307692307
1 0.7608173076923077 0.6310096153846154 0.06610576923076923 0.10096153846153846
1 0.28846153846153844 0.765625 0.11899038461538461 0.14423076923076922
1 0.24519230769230768 0.7127403846153846 0.1346153846153846 0.14182692307692307
1 0.5180288461538461 0.5408653846153846 0.08533653846153846 0.09375
1 0.051682692307692304 0.5961538461538461 0.06850961538461539 0.0733173076923077
1 0.796875 0.5637019230769231 0.042067307692307696 0.07692307692307693
1 0.8064903846153846 0.4855769230769231 0.038461538461538464 0.06009615384615385
3 0.640625 0.4723557692307692 0.052884615384615384 0.08052884615384616
3 0.6935096153846154 0.41346153846153844 0.03245192307692308 0.057692307692307696
1 0.5504807692307693 0.44471153846153844 0.037259615384615384 0.046875
1 0.8064903846153846 0.3545673076923077 0.026442307692307692 0.03365384615384615
1 0.7524038461538461 0.43028846153846156 0.028846153846153848 0.040865384615384616
1 0.6033653846153846 0.5216346153846154 0.04807692307692308 0.0733173076923077
1 0.8713942307692307 0.4050480769230769 0.025240384615384616 0.04326923076923077
1 0.7860576923076923 0.39663461538461536 0.025240384615384616 0.036057692307692304
1 0.8317307692307693 0.4026442307692308 0.028846153846153848 0.051682692307692304
3 0.46875 0.390625 0.0889423076923077 0.09975961538461539
0 0.6225961538461539 0.40024038461538464 0.10576923076923077 0.15144230769230768