1 0.4963942307692308 0.6033653846153846 0.0985576923076923 0.14543269230769232
1 0.65625 0.5072115384615384 0.0673076923076923 0.08533653846153846
1 0.6887019230769231 0.7716346153846154 0.09735576923076923 0.14783653846153846
0 0.6322115384615384 0.2512019230769231 0.08052884615384616 0.11298076923076923
1 0.6298076923076923 0.33533653846153844 0.04927884615384615 0.04447115384615385
1 0.6526442307692307 0.3918269230769231 0.04807692307692308 0.06009615384615385
1 0.7415865384615384 0.5661057692307693 0.0625 0.1201923076923077
1 0.7091346153846154 0.2980769230769231 0.03245192307692308 0.04447115384615385
3 0.7632211538461539 0.2800480769230769 0.038461538461538464 0.07932692307692307
0 0.7163461538461539 0.19951923076923078 0.05048076923076923 0.08052884615384616
1 0.7824519230769231 0.9831730769230769 0.13221153846153846 0.028846153846153848