3 0.5276442307692307 0.5096153846153846 0.04927884615384615 0.08533653846153846
1 0.6009615384615384 0.4338942307692308 0.026442307692307692 0.030048076923076924
1 0.71875 0.6057692307692307 0.038461538461538464 0.046875
3 0.6742788461538461 0.4891826923076923 0.04326923076923077 0.06009615384615385
3 0.2692307692307692 0.4807692307692308 0.040865384615384616 0.06129807692307692
0 0.5180288461538461 0.27283653846153844 0.040865384615384616 0.07692307692307693
1 0.6021634615384616 0.5252403846153846 0.020432692307692308 0.03365384615384615
1 0.7644230769230769 0.4170673076923077 0.037259615384615384 0.052884615384615384
1 0.4795673076923077 0.39302884615384615 0.02403846153846154 0.03245192307692308
1 0.5552884615384616 0.359375 0.019230769230769232 0.02403846153846154
3 0.7163461538461539 0.7608173076923077 0.08533653846153846 0.13701923076923078
1 0.3605769230769231 0.18269230769230768 0.020432692307692308 0.02283653846153846
1 0.7632211538461539 0.46875 0.040865384615384616 0.05048076923076923
1 0.7872596153846154 0.5324519230769231 0.042067307692307696 0.06490384615384616
3 0.8365384615384616 0.5252403846153846 0.04807692307692308 0.12139423076923077