1 0.9290865384615384 0.8617788461538461 0.11298076923076923 0.12139423076923077
1 0.8701923076923077 0.75 0.07572115384615384 0.11057692307692307
1 0.07572115384615384 0.4879807692307692 0.1201923076923077 0.12740384615384615
1 0.7632211538461539 0.6382211538461539 0.054086538461538464 0.109375
3 0.2403846153846154 0.7572115384615384 0.1346153846153846 0.24278846153846154
3 0.9038461538461539 0.6141826923076923 0.06490384615384616 0.1502403846153846
0 0.08173076923076923 0.8245192307692307 0.14903846153846154 0.31490384615384615
1 0.17307692307692307 0.3918269230769231 0.07572115384615384 0.09375
1 0.0985576923076923 0.3737980769230769 0.07932692307692307 0.08774038461538461
1 0.24639423076923078 0.5240384615384616 0.06610576923076923 0.08653846153846154
1 0.22115384615384615 0.33774038461538464 0.052884615384615384 0.06129807692307692
1 0.3173076923076923 0.45072115384615385 0.06610576923076923 0.125
1 0.2668269230769231 0.29927884615384615 0.04807692307692308 0.05889423076923077
3 0.2860576923076923 0.2608173076923077 0.051682692307692304 0.07692307692307693
0 0.8786057692307693 0.4639423076923077 0.06129807692307692 0.1310096153846154