1 0.5180288461538461 0.4831730769230769 0.15384615384615385 0.15625
1 0.8197115384615384 0.5985576923076923 0.22355769230769232 0.20432692307692307
1 0.9110576923076923 0.47836538461538464 0.14903846153846154 0.19471153846153846
1 0.5697115384615384 0.33774038461538464 0.12740384615384615 0.13701923076923078
1 0.35096153846153844 0.22235576923076922 0.06129807692307692 0.0673076923076923
1 0.4795673076923077 0.2644230769230769 0.078125 0.07451923076923077
1 0.4543269230769231 0.14423076923076922 0.046875 0.055288461538461536
1 0.3701923076923077 0.15504807692307693 0.04447115384615385 0.054086538461538464
1 0.41225961538461536 0.19230769230769232 0.046875 0.0673076923076923
1 0.4098557692307692 0.12259615384615384 0.039663461538461536 0.04447115384615385
1 0.2932692307692308 0.140625 0.038461538461538464 0.051682692307692304