1 0.22956730769230768 0.7980769230769231 0.21754807692307693 0.15865384615384615
2 0.2776442307692308 0.45552884615384615 0.07211538461538461 0.12259615384615384
1 0.45552884615384615 0.7944711538461539 0.19230769230769232 0.16346153846153846
1 0.35336538461538464 0.5649038461538461 0.07091346153846154 0.11538461538461539
1 0.23557692307692307 0.37740384615384615 0.025240384615384616 0.03125
1 0.36899038461538464 0.41346153846153844 0.03125 0.037259615384615384
1 0.27884615384615385 0.36538461538461536 0.03245192307692308 0.052884615384615384
1 0.3293269230769231 0.4411057692307692 0.03485576923076923 0.056490384615384616
0 0.65625 0.5528846153846154 0.21634615384615385 0.3269230769230769
1 0.4026442307692308 0.37740384615384615 0.027644230769230768 0.03485576923076923
3 0.47475961538461536 0.5108173076923077 0.1502403846153846 0.25961538461538464