3 0.5240384615384616 0.7692307692307693 0.109375 0.2091346153846154
1 0.3629807692307692 0.8629807692307693 0.08653846153846154 0.11298076923076923
1 0.45072115384615385 0.5168269230769231 0.06490384615384616 0.07091346153846154
1 0.33653846153846156 0.7199519230769231 0.0673076923076923 0.13341346153846154
1 0.21754807692307693 0.7019230769230769 0.054086538461538464 0.11177884615384616
1 0.2848557692307692 0.5889423076923077 0.04927884615384615 0.09615384615384616
3 0.21634615384615385 0.5769230769230769 0.04567307692307692 0.11778846153846154
1 0.2644230769230769 0.390625 0.03245192307692308 0.05048076923076923
1 0.25600961538461536 0.328125 0.026442307692307692 0.03485576923076923
1 0.24519230769230768 0.2860576923076923 0.021634615384615384 0.02283653846153846
1 0.23918269230769232 0.7992788461538461 0.051682692307692304 0.07211538461538461