1 0.29086538461538464 0.7007211538461539 0.10216346153846154 0.11899038461538461
0 0.421875 0.40384615384615385 0.12379807692307693 0.15745192307692307
1 0.15865384615384615 0.8473557692307693 0.11177884615384616 0.12860576923076922
1 0.4807692307692308 0.7199519230769231 0.10096153846153846 0.15625
1 0.5829326923076923 0.7139423076923077 0.078125 0.13942307692307693
1 0.6418269230769231 0.5949519230769231 0.06129807692307692 0.09134615384615384
1 0.6346153846153846 0.8641826923076923 0.09134615384615384 0.12139423076923077
1 0.7115384615384616 0.6502403846153846 0.0625 0.1045673076923077
3 0.46153846153846156 0.9038461538461539 0.18269230769230768 0.19230769230769232
1 0.3401442307692308 0.4951923076923077 0.078125 0.08052884615384616
1 0.7391826923076923 0.5360576923076923 0.051682692307692304 0.0985576923076923
3 0.3004807692307692 0.9026442307692307 0.20432692307692307 0.1935096153846154
0 0.5480769230769231 0.3076923076923077 0.06009615384615385 0.09014423076923077
1 0.6875 0.3245192307692308 0.042067307692307696 0.0673076923076923
1 0.109375 0.6165865384615384 0.07451923076923077 0.06850961538461539
1 0.7752403846153846 0.20072115384615385 0.02283653846153846 0.028846153846153848
1 0.7463942307692307 0.3425480769230769 0.030048076923076924 0.040865384615384616
1 0.7536057692307693 0.27524038461538464 0.039663461538461536 0.06370192307692307
1 0.06610576923076923 0.7139423076923077 0.11538461538461539 0.125
1 0.7620192307692307 0.3942307692307692 0.03485576923076923 0.056490384615384616
1 0.5973557692307693 0.2800480769230769 0.030048076923076924 0.04326923076923077
1 0.328125 0.45913461538461536 0.0673076923076923 0.04927884615384615