1 0.9170673076923077 0.6298076923076923 0.10576923076923077 0.0985576923076923
1 0.7572115384615384 0.7668269230769231 0.11057692307692307 0.1346153846153846
0 0.37259615384615385 0.4723557692307692 0.07932692307692307 0.12620192307692307
1 0.6298076923076923 0.7439903846153846 0.1141826923076923 0.15264423076923078
1 0.6526442307692307 0.6490384615384616 0.09254807692307693 0.10216346153846154
1 0.5901442307692307 0.5661057692307693 0.07572115384615384 0.09975961538461539
1 0.7548076923076923 0.6310096153846154 0.09014423076923077 0.09254807692307693
1 0.5228365384615384 0.5168269230769231 0.0673076923076923 0.07451923076923077
1 0.9002403846153846 0.9098557692307693 0.12259615384615384 0.1466346153846154
1 0.5528846153846154 0.4675480769230769 0.056490384615384616 0.06490384615384616
1 0.6923076923076923 0.47836538461538464 0.06370192307692307 0.052884615384615384
1 0.5913461538461539 0.4110576923076923 0.051682692307692304 0.04927884615384615
1 0.4891826923076923 0.37740384615384615 0.04927884615384615 0.05048076923076923
3 0.22355769230769232 0.5552884615384616 0.055288461538461536 0.13221153846153846
1 0.23557692307692307 0.8329326923076923 0.0733173076923077 0.19110576923076922
1 0.234375 0.2439903846153846 0.02283653846153846 0.025240384615384616
1 0.34375 0.2608173076923077 0.036057692307692304 0.039663461538461536
3 0.4879807692307692 0.3161057692307692 0.08052884615384616 0.07692307692307693