0 0.5012019230769231 0.40384615384615385 0.0985576923076923 0.1622596153846154
1 0.59375 0.5805288461538461 0.09375 0.08533653846153846
1 0.8257211538461539 0.640625 0.08533653846153846 0.06129807692307692
1 0.8737980769230769 0.7007211538461539 0.10096153846153846 0.08653846153846154
2 0.05048076923076923 0.7740384615384616 0.08653846153846154 0.18028846153846154
2 0.49158653846153844 0.44591346153846156 0.07932692307692307 0.09014423076923077
1 0.39302884615384615 0.43028846153846156 0.037259615384615384 0.040865384615384616
1 0.6730769230769231 0.5600961538461539 0.08413461538461539 0.08052884615384616
2 0.1935096153846154 0.4206730769230769 0.039663461538461536 0.08052884615384616
3 0.796875 0.5757211538461539 0.0889423076923077 0.08413461538461539
2 0.15384615384615385 0.5420673076923077 0.04807692307692308 0.08173076923076923
2 0.11899038461538461 0.6610576923076923 0.09014423076923077 0.16466346153846154
2 0.17067307692307693 0.47836538461538464 0.03365384615384615 0.06850961538461539
1 0.4098557692307692 0.38461538461538464 0.025240384615384616 0.026442307692307692
0 0.22716346153846154 0.33413461538461536 0.03365384615384615 0.06850961538461539
1 0.8052884615384616 0.5997596153846154 0.0889423076923077 0.0889423076923077
2 0.18269230769230768 0.43509615384615385 0.03125 0.055288461538461536