3 0.8221153846153846 0.39903846153846156 0.2247596153846154 0.20432692307692307
1 0.30288461538461536 0.36658653846153844 0.09254807692307693 0.16826923076923078
3 0.5336538461538461 0.2283653846153846 0.06610576923076923 0.078125
1 0.5072115384615384 0.2956730769230769 0.04927884615384615 0.055288461538461536
3 0.3485576923076923 0.2848557692307692 0.07091346153846154 0.12980769230769232
1 0.24519230769230768 0.18629807692307693 0.030048076923076924 0.03245192307692308
1 0.45913461538461536 0.21634615384615385 0.03245192307692308 0.039663461538461536
1 0.3737980769230769 0.18269230769230768 0.027644230769230768 0.03125
1 0.26322115384615385 0.21514423076923078 0.028846153846153848 0.037259615384615384
1 0.390625 0.25 0.03245192307692308 0.04807692307692308
1 0.3076923076923077 0.1622596153846154 0.02403846153846154 0.02403846153846154
1 0.43990384615384615 0.1778846153846154 0.021634615384615384 0.027644230769230768
1 0.328125 0.13581730769230768 0.020432692307692308 0.019230769230769232
1 0.4362980769230769 0.15144230769230768 0.021634615384615384 0.02403846153846154
1 0.47836538461538464 0.15745192307692307 0.025240384615384616 0.037259615384615384