3 0.8161057692307693 0.24759615384615385 0.0889423076923077 0.12980769230769232
1 0.8822115384615384 0.22235576923076922 0.04927884615384615 0.052884615384615384
1 0.7391826923076923 0.13341346153846154 0.03365384615384615 0.030048076923076924
3 0.3173076923076923 0.3293269230769231 0.054086538461538464 0.10576923076923077
1 0.22235576923076922 0.5997596153846154 0.04807692307692308 0.08052884615384616
1 0.3293269230769231 0.5204326923076923 0.055288461538461536 0.056490384615384616
1 0.33413461538461536 0.7115384615384616 0.052884615384615384 0.0889423076923077
1 0.7884615384615384 0.17067307692307693 0.040865384615384616 0.040865384615384616
1 0.21875 0.49759615384615385 0.07572115384615384 0.07091346153846154
3 0.10216346153846154 0.6971153846153846 0.09615384615384616 0.14903846153846154
3 0.953125 0.18629807692307693 0.06490384615384616 0.09615384615384616
1 0.3858173076923077 0.3713942307692308 0.027644230769230768 0.051682692307692304
1 0.42788461538461536 0.33653846153846156 0.020432692307692308 0.027644230769230768
1 0.6370192307692307 0.08052884615384616 0.020432692307692308 0.02283653846153846
2 0.37740384615384615 0.2932692307692308 0.025240384615384616 0.042067307692307696
1 0.40024038461538464 0.3125 0.020432692307692308 0.027644230769230768
3 0.4411057692307692 0.2920673076923077 0.02283653846153846 0.04807692307692308
1 0.1201923076923077 0.6538461538461539 0.07451923076923077 0.0889423076923077
1 0.4050480769230769 0.2764423076923077 0.016826923076923076 0.027644230769230768
3 0.8449519230769231 0.14783653846153846 0.08052884615384616 0.07451923076923077
1 0.27524038461538464 0.4375 0.03485576923076923 0.0625