2 0.875 0.24879807692307693 0.08413461538461539 0.08653846153846154
1 0.8810096153846154 0.3317307692307692 0.07932692307692307 0.09615384615384616
1 0.203125 0.7127403846153846 0.06370192307692307 0.10336538461538461
1 0.7331730769230769 0.20673076923076922 0.04927884615384615 0.06490384615384616
1 0.6454326923076923 0.13581730769230768 0.036057692307692304 0.052884615384615384
1 0.7716346153846154 0.16947115384615385 0.038461538461538464 0.037259615384615384
1 0.36538461538461536 0.2800480769230769 0.026442307692307692 0.03485576923076923
3 0.8221153846153846 0.140625 0.04447115384615385 0.06129807692307692
1 0.6838942307692307 0.13581730769230768 0.03365384615384615 0.040865384615384616
1 0.42427884615384615 0.6454326923076923 0.05048076923076923 0.09495192307692307
1 0.28365384615384615 0.45072115384615385 0.038461538461538464 0.06370192307692307