1 0.3545673076923077 0.6502403846153846 0.07932692307692307 0.0985576923076923
1 0.4014423076923077 0.8377403846153846 0.09975961538461539 0.11899038461538461
1 0.21634615384615385 0.6322115384615384 0.06610576923076923 0.09375
1 0.25841346153846156 0.5372596153846154 0.057692307692307696 0.06971153846153846
1 0.14903846153846154 0.5661057692307693 0.06129807692307692 0.09014423076923077
1 0.2860576923076923 0.45072115384615385 0.055288461538461536 0.0673076923076923
1 0.171875 0.53125 0.06490384615384616 0.08653846153846154
2 0.3798076923076923 0.5528846153846154 0.07451923076923077 0.1201923076923077
1 0.4411057692307692 0.5432692307692307 0.055288461538461536 0.0625
3 0.2620192307692308 0.3485576923076923 0.052884615384615384 0.09975961538461539
1 0.18028846153846154 0.7427884615384616 0.0829326923076923 0.11177884615384616
3 0.3942307692307692 0.421875 0.08774038461538461 0.12379807692307693
3 0.45072115384615385 0.4699519230769231 0.07451923076923077 0.08653846153846154
1 0.20072115384615385 0.4723557692307692 0.06129807692307692 0.06490384615384616