1 0.4855769230769231 0.6394230769230769 0.0625 0.07451923076923077
1 0.6526442307692307 0.8725961538461539 0.1045673076923077 0.12259615384615384
0 0.5721153846153846 0.7475961538461539 0.078125 0.11298076923076923
3 0.6634615384615384 0.7451923076923077 0.09975961538461539 0.15144230769230768
3 0.5865384615384616 0.6634615384615384 0.07572115384615384 0.10697115384615384
0 0.43028846153846156 0.546875 0.078125 0.125
1 0.5192307692307693 0.5961538461538461 0.055288461538461536 0.07091346153846154
1 0.6911057692307693 0.5048076923076923 0.04326923076923077 0.046875
3 0.46634615384615385 0.5072115384615384 0.0625 0.06971153846153846
3 0.8317307692307693 0.8209134615384616 0.14182692307692307 0.171875
1 0.7524038461538461 0.8617788461538461 0.09615384615384616 0.09735576923076923