1 0.5144230769230769 0.6394230769230769 0.0625 0.07451923076923077
1 0.3473557692307692 0.8725961538461539 0.1045673076923077 0.12259615384615384
0 0.42788461538461536 0.7475961538461539 0.078125 0.11298076923076923
3 0.33653846153846156 0.7451923076923077 0.09975961538461539 0.15144230769230768
3 0.41346153846153844 0.6634615384615384 0.07572115384615384 0.10697115384615384
0 0.5697115384615384 0.546875 0.078125 0.125
1 0.4807692307692308 0.5961538461538461 0.055288461538461536 0.07091346153846154
1 0.3088942307692308 0.5048076923076923 0.04326923076923077 0.046875
3 0.5336538461538461 0.5072115384615384 0.0625 0.06971153846153846
3 0.16826923076923078 0.8209134615384616 0.14182692307692307 0.171875
1 0.24759615384615385 0.8617788461538461 0.09615384615384616 0.09735576923076923