1 0.6430288461538461 0.703125 0.04807692307692308 0.06370192307692307
3 0.41466346153846156 0.5949519230769231 0.056490384615384616 0.09495192307692307
1 0.59375 0.6298076923076923 0.038461538461538464 0.052884615384615384
1 0.7487980769230769 0.7043269230769231 0.051682692307692304 0.06370192307692307
1 0.5108173076923077 0.5264423076923077 0.04326923076923077 0.05048076923076923
1 0.5456730769230769 0.5709134615384616 0.03125 0.04326923076923077
1 0.8497596153846154 0.8052884615384616 0.051682692307692304 0.06370192307692307
3 0.5588942307692307 0.5204326923076923 0.04807692307692308 0.078125
1 0.30288461538461536 0.4098557692307692 0.028846153846153848 0.038461538461538464
3 0.65625 0.6189903846153846 0.09134615384615384 0.1141826923076923
1 0.7019230769230769 0.7079326923076923 0.04447115384615385 0.05889423076923077
1 0.26322115384615385 0.1778846153846154 0.021634615384615384 0.03365384615384615
3 0.6947115384615384 0.5865384615384616 0.06610576923076923 0.08173076923076923
1 0.28846153846153844 0.33052884615384615 0.019230769230769232 0.03125
1 0.2800480769230769 0.2824519230769231 0.016826923076923076 0.027644230769230768
1 0.5853365384615384 0.49038461538461536 0.037259615384615384 0.040865384615384616
2 0.7007211538461539 0.6346153846153846 0.051682692307692304 0.07572115384615384