3 0.6610576923076923 0.6887019230769231 0.06971153846153846 0.09375
3 0.8581730769230769 0.765625 0.0829326923076923 0.12740384615384615
3 0.6189903846153846 0.5084134615384616 0.052884615384615384 0.08653846153846154
0 0.3762019230769231 0.38341346153846156 0.11057692307692307 0.07692307692307693
3 0.48197115384615385 0.47836538461538464 0.04567307692307692 0.07211538461538461
0 0.5576923076923077 0.5769230769230769 0.04567307692307692 0.07451923076923077
3 0.5564903846153846 0.47716346153846156 0.05048076923076923 0.07692307692307693
3 0.5180288461538461 0.5264423076923077 0.039663461538461536 0.054086538461538464
1 0.515625 0.41586538461538464 0.04326923076923077 0.039663461538461536
1 0.5625 0.5288461538461539 0.038461538461538464 0.05048076923076923
1 0.25961538461538464 0.3425480769230769 0.020432692307692308 0.03245192307692308
1 0.3137019230769231 0.3317307692307692 0.020432692307692308 0.028846153846153848
1 0.234375 0.33774038461538464 0.019230769230769232 0.039663461538461536
1 0.35336538461538464 0.43509615384615385 0.054086538461538464 0.046875