3 0.3389423076923077 0.6887019230769231 0.06971153846153846 0.09375
3 0.14182692307692307 0.765625 0.0829326923076923 0.12740384615384615
3 0.38100961538461536 0.5084134615384616 0.052884615384615384 0.08653846153846154
0 0.6237980769230769 0.38341346153846156 0.11057692307692307 0.07692307692307693
3 0.5180288461538461 0.47836538461538464 0.04567307692307692 0.07211538461538461
0 0.4423076923076923 0.5769230769230769 0.04567307692307692 0.07451923076923077
3 0.44350961538461536 0.47716346153846156 0.05048076923076923 0.07692307692307693
3 0.48197115384615385 0.5264423076923077 0.039663461538461536 0.054086538461538464
1 0.484375 0.41586538461538464 0.04326923076923077 0.039663461538461536
1 0.4375 0.5288461538461539 0.038461538461538464 0.05048076923076923
1 0.7403846153846154 0.3425480769230769 0.020432692307692308 0.03245192307692308
1 0.6862980769230769 0.3317307692307692 0.020432692307692308 0.028846153846153848
1 0.765625 0.33774038461538464 0.019230769230769232 0.039663461538461536
1 0.6466346153846154 0.43509615384615385 0.054086538461538464 0.046875