1 0.35697115384615385 0.703125 0.04807692307692308 0.06370192307692307
3 0.5853365384615384 0.5949519230769231 0.056490384615384616 0.09495192307692307
1 0.40625 0.6298076923076923 0.038461538461538464 0.052884615384615384
1 0.2512019230769231 0.7043269230769231 0.051682692307692304 0.06370192307692307
1 0.4891826923076923 0.5264423076923077 0.04326923076923077 0.05048076923076923
1 0.4543269230769231 0.5709134615384616 0.03125 0.04326923076923077
1 0.1502403846153846 0.8052884615384616 0.051682692307692304 0.06370192307692307
3 0.4411057692307692 0.5204326923076923 0.04807692307692308 0.078125
1 0.6971153846153846 0.4098557692307692 0.028846153846153848 0.038461538461538464
3 0.34375 0.6189903846153846 0.09134615384615384 0.1141826923076923
1 0.2980769230769231 0.7079326923076923 0.04447115384615385 0.05889423076923077
1 0.7367788461538461 0.1778846153846154 0.021634615384615384 0.03365384615384615
3 0.30528846153846156 0.5865384615384616 0.06610576923076923 0.08173076923076923
1 0.7115384615384616 0.33052884615384615 0.019230769230769232 0.03125
1 0.7199519230769231 0.2824519230769231 0.016826923076923076 0.027644230769230768
1 0.41466346153846156 0.49038461538461536 0.037259615384615384 0.040865384615384616
2 0.29927884615384615 0.6346153846153846 0.051682692307692304 0.07572115384615384