1 0.3425480769230769 0.7572115384615384 0.1622596153846154 0.21754807692307693
0 0.7259615384615384 0.2247596153846154 0.1310096153846154 0.19591346153846154
1 0.6033653846153846 0.24639423076923078 0.05048076923076923 0.07692307692307693
3 0.28966346153846156 0.3173076923076923 0.11778846153846154 0.18389423076923078
1 0.8341346153846154 0.6105769230769231 0.17427884615384615 0.28365384615384615
1 0.5588942307692307 0.16826923076923078 0.037259615384615384 0.054086538461538464
1 0.4483173076923077 0.16466346153846154 0.03485576923076923 0.037259615384615384
3 0.6334134615384616 0.15144230769230768 0.06850961538461539 0.09975961538461539
1 0.43990384615384615 0.25721153846153844 0.04807692307692308 0.06490384615384616
1 0.4014423076923077 0.15264423076923078 0.026442307692307692 0.03485576923076923
1 0.37740384615384615 0.11538461538461539 0.021634615384615384 0.027644230769230768
1 0.41346153846153844 0.11778846153846154 0.026442307692307692 0.036057692307692304