1 0.5709134615384616 0.8293269230769231 0.11177884615384616 0.17548076923076922
1 0.640625 0.6730769230769231 0.11298076923076923 0.13701923076923078
1 0.6742788461538461 0.5552884615384616 0.07572115384615384 0.08533653846153846
1 0.5600961538461539 0.4338942307692308 0.040865384615384616 0.04567307692307692
1 0.40625 0.5228365384615384 0.039663461538461536 0.07211538461538461
1 0.390625 0.6045673076923077 0.06129807692307692 0.0889423076923077
1 0.9146634615384616 0.8713942307692307 0.15745192307692307 0.15625
3 0.5132211538461539 0.35336538461538464 0.03245192307692308 0.05048076923076923
1 0.4230769230769231 0.3545673076923077 0.02283653846153846 0.03125
1 0.4050480769230769 0.4423076923076923 0.037259615384615384 0.06129807692307692
1 0.41346153846153844 0.40024038461538464 0.025240384615384616 0.03125