3 0.8197115384615384 0.7692307692307693 0.23677884615384615 0.2668269230769231
3 0.5012019230769231 0.5372596153846154 0.16105769230769232 0.2439903846153846
3 0.5144230769230769 0.7800480769230769 0.203125 0.34134615384615385
1 0.7596153846153846 0.9086538461538461 0.20673076923076922 0.17908653846153846
1 0.37740384615384615 0.546875 0.051682692307692304 0.08173076923076923
1 0.35096153846153844 0.4423076923076923 0.028846153846153848 0.04447115384615385
0 0.33653846153846156 0.3605769230769231 0.037259615384615384 0.0673076923076923
1 0.953125 0.7319711538461539 0.09254807692307693 0.11899038461538461
3 0.39783653846153844 0.41225961538461536 0.04326923076923077 0.07572115384615384
0 0.48677884615384615 0.4266826923076923 0.10096153846153846 0.10697115384615384
1 0.6478365384615384 0.49278846153846156 0.06971153846153846 0.08173076923076923