3 0.609375 0.8858173076923077 0.19110576923076922 0.21875
3 0.9230769230769231 0.5745192307692307 0.10697115384615384 0.140625
1 0.5204326923076923 0.6081730769230769 0.07572115384615384 0.09975961538461539
1 0.8112980769230769 0.5516826923076923 0.0673076923076923 0.0673076923076923
1 0.7391826923076923 0.42908653846153844 0.04807692307692308 0.055288461538461536
1 0.6574519230769231 0.6766826923076923 0.07692307692307693 0.08774038461538461
1 0.6370192307692307 0.390625 0.040865384615384616 0.052884615384615384
1 0.5576923076923077 0.3918269230769231 0.03485576923076923 0.038461538461538464
3 0.3269230769230769 0.34134615384615385 0.025240384615384616 0.051682692307692304
1 0.3918269230769231 0.33413461538461536 0.025240384615384616 0.040865384615384616
1 0.5504807692307693 0.3557692307692308 0.03485576923076923 0.03245192307692308