1 0.6418269230769231 0.5492788461538461 0.07572115384615384 0.08173076923076923
1 0.7668269230769231 0.6478365384615384 0.11057692307692307 0.12379807692307693
1 0.47475961538461536 0.6430288461538461 0.08413461538461539 0.11298076923076923
1 0.6490384615384616 0.6322115384615384 0.0985576923076923 0.1045673076923077
1 0.5012019230769231 0.5673076923076923 0.07692307692307693 0.08653846153846154
1 0.5757211538461539 0.6490384615384616 0.08653846153846154 0.10096153846153846
1 0.5612980769230769 0.5588942307692307 0.07211538461538461 0.07572115384615384
1 0.4423076923076923 0.5096153846153846 0.0625 0.07572115384615384
1 0.5024038461538461 0.4987980769230769 0.057692307692307696 0.06370192307692307
1 0.5733173076923077 0.49759615384615385 0.06490384615384616 0.06129807692307692
1 0.4795673076923077 0.4326923076923077 0.04567307692307692 0.04927884615384615
3 0.3245192307692308 0.3004807692307692 0.040865384615384616 0.052884615384615384
1 0.375 0.4362980769230769 0.03365384615384615 0.04807692307692308
1 0.2860576923076923 0.30528846153846156 0.02403846153846154 0.028846153846153848
1 0.4026442307692308 0.46274038461538464 0.04447115384615385 0.056490384615384616
3 0.5709134615384616 0.5 0.07091346153846154 0.07211538461538461
1 0.453125 0.4519230769230769 0.046875 0.054086538461538464
1 0.3329326923076923 0.34375 0.04326923076923077 0.038461538461538464