3 0.38461538461538464 0.5060096153846154 0.12259615384615384 0.13942307692307693
1 0.4495192307692308 0.5324519230769231 0.0673076923076923 0.08052884615384616
1 0.5637019230769231 0.5829326923076923 0.06610576923076923 0.09375
1 0.3762019230769231 0.6117788461538461 0.07692307692307693 0.07692307692307693
1 0.2932692307692308 0.6105769230769231 0.08052884615384616 0.08774038461538461
1 0.4483173076923077 0.6177884615384616 0.07572115384615384 0.07572115384615384
0 0.8834134615384616 0.4567307692307692 0.056490384615384616 0.09014423076923077
1 0.515625 0.5492788461538461 0.06490384615384616 0.07572115384615384
1 0.5204326923076923 0.6550480769230769 0.0829326923076923 0.09134615384615384
1 0.6045673076923077 0.4567307692307692 0.04326923076923077 0.05889423076923077
1 0.7163461538461539 0.7355769230769231 0.0673076923076923 0.09495192307692307
1 0.8064903846153846 0.4423076923076923 0.030048076923076924 0.046875
1 0.7848557692307693 0.38341346153846156 0.028846153846153848 0.038461538461538464
1 0.6694711538461539 0.4543269230769231 0.042067307692307696 0.055288461538461536
1 0.5709134615384616 0.49759615384615385 0.051682692307692304 0.05048076923076923
1 0.5576923076923077 0.44711538461538464 0.04326923076923077 0.05048076923076923
1 0.5180288461538461 0.4326923076923077 0.04927884615384615 0.04807692307692308
1 0.47836538461538464 0.46634615384615385 0.05048076923076923 0.052884615384615384
1 0.6574519230769231 0.39663461538461536 0.03485576923076923 0.051682692307692304
1 0.8088942307692307 0.33533653846153844 0.020432692307692308 0.028846153846153848
3 0.5949519230769231 0.39302884615384615 0.054086538461538464 0.07451923076923077
1 0.8701923076923077 0.37259615384615385 0.02283653846153846 0.03125
1 0.8485576923076923 0.33774038461538464 0.019230769230769232 0.027644230769230768
1 0.6382211538461539 0.4951923076923077 0.042067307692307696 0.05889423076923077
1 0.6346153846153846 0.375 0.03245192307692308 0.04447115384615385
1 0.6021634615384616 0.5336538461538461 0.04567307692307692 0.07091346153846154