1 0.6165865384615384 0.5504807692307693 0.08653846153846154 0.07211538461538461
1 0.15264423076923078 0.5264423076923077 0.09495192307692307 0.06009615384615385
1 0.6274038461538461 0.33774038461538464 0.036057692307692304 0.04326923076923077
3 0.5144230769230769 0.2824519230769231 0.051682692307692304 0.056490384615384616
1 0.6730769230769231 0.4110576923076923 0.04326923076923077 0.052884615384615384
0 0.5084134615384616 0.36899038461538464 0.06610576923076923 0.14182692307692307
1 0.4483173076923077 0.3641826923076923 0.03125 0.056490384615384616
1 0.5588942307692307 0.390625 0.039663461538461536 0.06370192307692307
1 0.43509615384615385 0.30649038461538464 0.026442307692307692 0.03485576923076923
1 0.4567307692307692 0.44711538461538464 0.03125 0.06129807692307692
3 0.4326923076923077 0.22596153846153846 0.042067307692307696 0.06490384615384616
2 0.4699519230769231 0.29927884615384615 0.030048076923076924 0.05048076923076923