1 0.4375 0.4026442307692308 0.038461538461538464 0.052884615384615384
0 0.5673076923076923 0.2283653846153846 0.052884615384615384 0.06129807692307692
1 0.4855769230769231 0.40384615384615385 0.036057692307692304 0.054086538461538464
2 0.5372596153846154 0.41225961538461536 0.03125 0.06129807692307692
1 0.48197115384615385 0.32211538461538464 0.026442307692307692 0.030048076923076924
1 0.46033653846153844 0.3545673076923077 0.030048076923076924 0.04326923076923077
1 0.5012019230769231 0.3605769230769231 0.026442307692307692 0.037259615384615384
1 0.5024038461538461 0.28125 0.03125 0.06129807692307692
0 0.8533653846153846 0.6634615384615384 0.26802884615384615 0.19230769230769232
2 0.46153846153846156 0.24639423076923078 0.026442307692307692 0.042067307692307696
3 0.53125 0.2920673076923077 0.042067307692307696 0.0625
1 0.5661057692307693 0.30528846153846156 0.02403846153846154 0.03485576923076923
1 0.5576923076923077 0.3269230769230769 0.028846153846153848 0.021634615384615384
1 0.5516826923076923 0.34615384615384615 0.028846153846153848 0.038461538461538464
1 0.5384615384615384 0.3713942307692308 0.03125 0.03365384615384615