1 0.18269230769230768 0.7271634615384616 0.11177884615384616 0.10096153846153846
1 0.47475961538461536 0.6045673076923077 0.09254807692307693 0.0985576923076923
3 0.23918269230769232 0.5180288461538461 0.0889423076923077 0.09975961538461539
1 0.6430288461538461 0.453125 0.036057692307692304 0.04447115384615385
3 0.4855769230769231 0.3112980769230769 0.04326923076923077 0.054086538461538464
3 0.41947115384615385 0.3762019230769231 0.0625 0.09134615384615384
1 0.6466346153846154 0.36778846153846156 0.02283653846153846 0.030048076923076924
1 0.5877403846153846 0.3870192307692308 0.025240384615384616 0.028846153846153848
3 0.19591346153846154 0.49278846153846156 0.10817307692307693 0.11057692307692307
1 0.6225961538461539 0.3233173076923077 0.020432692307692308 0.027644230769230768
1 0.5504807692307693 0.31850961538461536 0.02283653846153846 0.028846153846153848
3 0.33052884615384615 0.4074519230769231 0.15144230769230768 0.0829326923076923
1 0.5829326923076923 0.3918269230769231 0.027644230769230768 0.03125