3 0.6911057692307693 0.4375 0.09134615384615384 0.10216346153846154
1 0.4326923076923077 0.48677884615384615 0.046875 0.052884615384615384
1 0.9423076923076923 0.6334134615384616 0.08413461538461539 0.10336538461538461
1 0.6298076923076923 0.4543269230769231 0.052884615384615384 0.06129807692307692
1 0.5552884615384616 0.38100961538461536 0.038461538461538464 0.038461538461538464
1 0.5 0.36778846153846156 0.038461538461538464 0.055288461538461536
3 0.8269230769230769 0.46033653846153844 0.0625 0.05889423076923077
1 0.36538461538461536 0.3894230769230769 0.030048076923076924 0.04447115384615385
1 0.3762019230769231 0.34615384615384615 0.025240384615384616 0.03245192307692308
1 0.6971153846153846 0.6526442307692307 0.09735576923076923 0.07932692307692307
1 0.5721153846153846 0.3581730769230769 0.038461538461538464 0.03485576923076923
3 0.3076923076923077 0.33413461538461536 0.026442307692307692 0.052884615384615384
3 0.34134615384615385 0.3088942307692308 0.028846153846153848 0.051682692307692304
3 0.46033653846153844 0.29086538461538464 0.030048076923076924 0.04927884615384615