0 0.21634615384615385 0.7319711538461539 0.2247596153846154 0.38341346153846156
3 0.1778846153846154 0.4807692307692308 0.10576923076923077 0.13341346153846154
3 0.43149038461538464 0.4266826923076923 0.09975961538461539 0.1141826923076923
3 0.5420673076923077 0.8882211538461539 0.3125 0.20432692307692307
1 0.5757211538461539 0.5180288461538461 0.09735576923076923 0.09134615384615384
3 0.35336538461538464 0.30649038461538464 0.06129807692307692 0.07091346153846154
1 0.25600961538461536 0.32572115384615385 0.027644230769230768 0.027644230769230768
1 0.2860576923076923 0.27524038461538464 0.021634615384615384 0.02403846153846154
1 0.24158653846153846 0.27283653846153844 0.02403846153846154 0.036057692307692304
1 0.08774038461538461 0.28725961538461536 0.02283653846153846 0.03125
1 0.21033653846153846 0.2848557692307692 0.016826923076923076 0.021634615384615384
1 0.12379807692307693 0.28725961538461536 0.016826923076923076 0.025240384615384616