0 0.7836538461538461 0.7319711538461539 0.2247596153846154 0.38341346153846156
3 0.8221153846153846 0.4807692307692308 0.10576923076923077 0.13341346153846154
3 0.5685096153846154 0.4266826923076923 0.09975961538461539 0.1141826923076923
3 0.4579326923076923 0.8882211538461539 0.3125 0.20432692307692307
1 0.42427884615384615 0.5180288461538461 0.09735576923076923 0.09134615384615384
3 0.6466346153846154 0.30649038461538464 0.06129807692307692 0.07091346153846154
1 0.7439903846153846 0.32572115384615385 0.027644230769230768 0.027644230769230768
1 0.7139423076923077 0.27524038461538464 0.021634615384615384 0.02403846153846154
1 0.7584134615384616 0.27283653846153844 0.02403846153846154 0.036057692307692304
1 0.9122596153846154 0.28725961538461536 0.02283653846153846 0.03125
1 0.7896634615384616 0.2848557692307692 0.016826923076923076 0.021634615384615384
1 0.8762019230769231 0.28725961538461536 0.016826923076923076 0.025240384615384616