1 0.6598557692307693 0.5456730769230769 0.08413461538461539 0.10576923076923077
1 0.7211538461538461 0.8076923076923077 0.11057692307692307 0.13221153846153846
1 0.734375 0.4891826923076923 0.06490384615384616 0.08173076923076923
1 0.9182692307692307 0.5144230769230769 0.05889423076923077 0.08173076923076923
2 0.5709134615384616 0.45913461538461536 0.10697115384615384 0.109375
1 0.6502403846153846 0.4807692307692308 0.06490384615384616 0.0673076923076923
3 0.09014423076923077 0.3389423076923077 0.04567307692307692 0.08533653846153846
1 0.7776442307692307 0.39903846153846156 0.04567307692307692 0.05889423076923077
1 0.65625 0.42908653846153844 0.057692307692307696 0.055288461538461536
1 0.8641826923076923 0.3016826923076923 0.028846153846153848 0.036057692307692304
1 0.9122596153846154 0.3125 0.025240384615384616 0.04326923076923077
1 0.7151442307692307 0.43028846153846156 0.06490384615384616 0.06971153846153846
3 0.7331730769230769 0.3713942307692308 0.09375 0.09014423076923077
1 0.9074519230769231 0.25841346153846156 0.02283653846153846 0.037259615384615384
1 0.9375 0.2620192307692308 0.019230769230769232 0.037259615384615384
3 0.8149038461538461 0.3245192307692308 0.0625 0.078125