3 0.5673076923076923 0.4567307692307692 0.14543269230769232 0.15504807692307693
1 0.6887019230769231 0.3389423076923077 0.06009615384615385 0.06129807692307692
2 0.3605769230769231 0.3137019230769231 0.11778846153846154 0.0985576923076923
3 0.11658653846153846 0.4375 0.09134615384615384 0.0985576923076923
1 0.5540865384615384 0.28365384615384615 0.054086538461538464 0.04927884615384615
1 0.2800480769230769 0.39302884615384615 0.07932692307692307 0.055288461538461536
1 0.3762019230769231 0.3557692307692308 0.08052884615384616 0.06370192307692307
1 0.13221153846153846 0.38100961538461536 0.08173076923076923 0.051682692307692304
2 0.4831730769230769 0.2668269230769231 0.09615384615384616 0.07211538461538461
1 0.46274038461538464 0.32091346153846156 0.07692307692307693 0.06370192307692307
1 0.7980769230769231 0.28365384615384615 0.052884615384615384 0.052884615384615384
1 0.24519230769230768 0.3737980769230769 0.07932692307692307 0.06850961538461539
3 0.734375 0.1875 0.06490384615384616 0.06490384615384616