3 0.1622596153846154 0.3918269230769231 0.07091346153846154 0.09495192307692307
1 0.3161057692307692 0.5396634615384616 0.0733173076923077 0.07692307692307693
1 0.1778846153846154 0.6153846153846154 0.08173076923076923 0.0889423076923077
0 0.3317307692307692 0.4567307692307692 0.09375 0.109375
1 0.8389423076923077 0.6334134615384616 0.056490384615384616 0.09975961538461539
3 0.1466346153846154 0.29086538461538464 0.05889423076923077 0.06971153846153846
1 0.4254807692307692 0.4579326923076923 0.08774038461538461 0.09735576923076923
3 0.6838942307692307 0.6466346153846154 0.0985576923076923 0.171875
1 0.8569711538461539 0.37259615384615385 0.03485576923076923 0.05048076923076923
2 0.8701923076923077 0.44591346153846156 0.06490384615384616 0.10817307692307693
1 0.23557692307692307 0.46274038461538464 0.06009615384615385 0.0673076923076923
3 0.2439903846153846 0.40865384615384615 0.057692307692307696 0.06370192307692307
1 0.19591346153846154 0.33653846153846156 0.04567307692307692 0.04326923076923077
1 0.8810096153846154 0.3233173076923077 0.02283653846153846 0.036057692307692304
1 0.8028846153846154 0.46153846153846156 0.051682692307692304 0.0625
1 0.9122596153846154 0.359375 0.026442307692307692 0.03125
1 0.9170673076923077 0.3269230769230769 0.02403846153846154 0.028846153846153848
1 0.23918269230769232 0.4362980769230769 0.06009615384615385 0.09254807692307693
3 0.9651442307692307 0.3858173076923077 0.038461538461538464 0.1045673076923077
1 0.05889423076923077 0.31850961538461536 0.021634615384615384 0.02403846153846154