1 0.35336538461538464 0.4338942307692308 0.06610576923076923 0.06370192307692307
1 0.4891826923076923 0.4951923076923077 0.09014423076923077 0.09134615384615384
2 0.25240384615384615 0.3701923076923077 0.07091346153846154 0.08774038461538461
1 0.2704326923076923 0.4879807692307692 0.0625 0.06971153846153846
3 0.19831730769230768 0.33533653846153844 0.055288461538461536 0.06490384615384616
1 0.8978365384615384 0.2860576923076923 0.025240384615384616 0.037259615384615384
1 0.8774038461538461 0.3389423076923077 0.027644230769230768 0.046875
1 0.14783653846153846 0.32091346153846156 0.026442307692307692 0.028846153846153848
3 0.7115384615384616 0.48197115384615385 0.22115384615384615 0.14302884615384615
1 0.09975961538461539 0.2776442307692308 0.030048076923076924 0.040865384615384616
1 0.08774038461538461 0.3076923076923077 0.025240384615384616 0.028846153846153848
1 0.9723557692307693 0.31009615384615385 0.026442307692307692 0.051682692307692304