1 0.3401442307692308 0.5456730769230769 0.08413461538461539 0.10576923076923077
1 0.27884615384615385 0.8076923076923077 0.11057692307692307 0.13221153846153846
1 0.265625 0.4891826923076923 0.06490384615384616 0.08173076923076923
1 0.08173076923076923 0.5144230769230769 0.05889423076923077 0.08173076923076923
2 0.42908653846153844 0.45913461538461536 0.10697115384615384 0.109375
1 0.34975961538461536 0.4807692307692308 0.06490384615384616 0.0673076923076923
3 0.9098557692307693 0.3389423076923077 0.04567307692307692 0.08533653846153846
1 0.22235576923076922 0.39903846153846156 0.04567307692307692 0.05889423076923077
1 0.34375 0.42908653846153844 0.057692307692307696 0.055288461538461536
1 0.13581730769230768 0.3016826923076923 0.028846153846153848 0.036057692307692304
1 0.08774038461538461 0.3125 0.025240384615384616 0.04326923076923077
1 0.2848557692307692 0.43028846153846156 0.06490384615384616 0.06971153846153846
3 0.2668269230769231 0.3713942307692308 0.09375 0.09014423076923077
1 0.09254807692307693 0.25841346153846156 0.02283653846153846 0.037259615384615384
1 0.0625 0.2620192307692308 0.019230769230769232 0.037259615384615384
3 0.18509615384615385 0.3245192307692308 0.0625 0.078125